0.163173 0.000000 -0.022408
0.167338 0.005108 -0.022408
0.175000 0.015211 -0.022165
0.175768 0.016154 -0.022153
0.176163 0.016667 -0.022015
0.184656 0.026896 -0.022005
0.189682 0.033333 -0.021993
0.193369 0.037754 -0.021890
0.200000 0.046202 -0.021860
0.202110 0.048593 -0.021852
0.203286 0.050000 -0.021832
0.211310 0.059127 -0.021803
0.217585 0.066667 -0.021788
0.220297 0.069802 -0.021681
0.225000 0.075512 -0.021654
0.229616 0.080256 -0.021406
0.232455 0.083333 -0.021246
0.239256 0.090496 -0.021030
0.247866 0.100000 -0.020958
0.248676 0.100883 -0.020954
0.250000 0.102377 -0.020927
0.259069 0.110621 -0.020923
0.265391 0.116667 -0.020126
0.269363 0.120424 -0.020049
0.275000 0.125965 -0.019804
0.280176 0.129883 -0.018300
0.284430 0.133333 -0.016913
0.291531 0.138979 -0.015425
0.300000 0.146121 -0.013438
0.305108 0.150000 -0.010374
0.325000 0.166229 -0.000166
0.325461 0.166667 0.000276
0.326291 0.167528 0.000972
0.342010 0.183333 0.014024
0.350000 0.191856 0.019469
0.356198 0.200000 0.026006
0.362707 0.208195 0.031582
0.368788 0.216667 0.036727
0.370956 0.219363 0.038175
0.375000 0.224756 0.040793
0.378996 0.230670 0.044400
0.380688 0.233333 0.045892
0.386877 0.242082 0.050270
0.392251 0.250000 0.053953
0.394808 0.253461 0.055328
0.400000 0.260652 0.058036
0.402785 0.264810 0.059900
0.404007 0.266667 0.060703
0.410722 0.276186 0.064193
0.415738 0.283333 0.066778
0.418785 0.287476 0.067971
0.425000 0.295872 0.070447
0.426983 0.298678 0.071350
0.427928 0.300000 0.071790
0.435191 0.309873 0.074331
0.440287 0.316667 0.076231
0.443544 0.320971 0.077076
0.450000 0.329268 0.078979
0.452060 0.331960 0.079543
0.453143 0.333333 0.079881
0.460640 0.342906 0.081416
0.466409 0.350000 0.082884
0.469379 0.353748 0.083318
0.475000 0.360533 0.084483
0.478307 0.364462 0.084890
0.480249 0.366667 0.085242
0.487376 0.375083 0.085837
0.494730 0.383333 0.086953
0.496625 0.385583 0.087053
0.500000 0.389365 0.087484
0.506162 0.395892 0.087493
0.510260 0.400000 0.087750
