0.333315 0.000000 0.000000
0.340000 0.009891 0.000000
0.347492 0.020000 0.000000
0.360000 0.036775 0.000000
0.362634 0.040000 0.000000
0.374646 0.054646 0.000000
0.379019 0.060000 0.000000
0.380000 0.061196 0.000000
0.396899 0.080000 0.000000
0.400000 0.083443 0.000000
0.416355 0.100000 0.000000
0.420000 0.103689 0.000000
0.437703 0.120000 0.000000
0.440000 0.122119 0.000000
0.453077 0.133077 0.000000
0.460000 0.138896 0.000000
0.461450 0.140000 0.000000
0.480000 0.154182 0.000000
0.488435 0.160000 0.000000
0.500000 0.168023 0.000000
0.519230 0.180000 0.000000
0.520000 0.180483 0.000000
0.521097 0.181097 0.000000
0.540000 0.191769 0.000000
0.556449 0.200000 0.000000
0.558801 0.201199 0.000000
0.560000 0.201793 0.000000
0.572535 0.207465 0.000000
0.580000 0.210742 0.000000
0.586621 0.213379 0.000000
0.600000 0.218527 0.000000
