Course 1

0.000000 0.395546 0.000000
0.012591 0.400000 0.001744

Course 2

0.000000 0.386638 0.000000
0.010561 0.390374 0.001773
0.025000 0.395473 0.003769
0.036733 0.400000 0.005232

Course 3

0.000000 0.377679 0.000000
0.015896 0.383333 0.001497
0.025000 0.386548 0.003538
0.036448 0.390965 0.005267
0.050000 0.396176 0.006526
0.059142 0.400000 0.008702

Course 4

0.000000 0.368690 0.000000
0.006507 0.371005 0.000919
0.025000 0.377558 0.002454
0.039921 0.383333 0.005009
0.050000 0.387209 0.006526
0.065601 0.393734 0.008749
0.075000 0.397652 0.011271
0.080202 0.400000 0.012162

Course 5

0.000000 0.359608 0.000000
0.019740 0.366667 0.000033
0.025000 0.368531 0.000101
0.031667 0.371111 0.004451
0.050000 0.378181 0.006526
0.062286 0.383333 0.008509
0.075000 0.388633 0.011230
0.099615 0.399743 0.012224
0.100000 0.399916 0.012941
0.100172 0.400000 0.015564

Course 6

0.000000 0.350499 0.000000
0.001614 0.351076 0.003587
0.025000 0.359404 0.006526
0.043669 0.366667 0.007975
0.050000 0.369108 0.010408
0.059871 0.373248 0.012001
0.075000 0.379570 0.012941
0.083317 0.383333 0.015640
0.100000 0.390840 0.018734
0.118873 0.400000 0.018949

Course 7

0.000000 0.341257 0.000000
0.024292 0.350000 0.002406
0.025000 0.350252 0.006526
0.025908 0.350605 0.007137
0.050000 0.359942 0.008416
0.065960 0.366667 0.011487
0.075000 0.370445 0.012941
0.092636 0.378424 0.015440
0.100000 0.381746 0.018909
0.103264 0.383333 0.019040
0.125000 0.393855 0.019134
0.136811 0.400000 0.022211

Course 8

0.000000 0.331984 0.000000
0.003719 0.333333 0.000898
0.025000 0.340961 0.004059
0.048084 0.350000 0.005984
0.050000 0.350743 0.006526
0.053027 0.352018 0.010672
0.075000 0.361244 0.012941
0.086930 0.366667 0.014956
0.100000 0.372563 0.018384
0.122142 0.383333 0.018858
0.125000 0.384717 0.019134
0.134452 0.389634 0.022315
0.150000 0.397707 0.025000
0.154122 0.400000 0.025440

Course 9

0.000000 0.322576 0.000000
0.019447 0.329631 0.004503
0.025000 0.331637 0.006526
0.029297 0.333333 0.009546
0.050000 0.341410 0.012941
0.070257 0.350000 0.014179
0.075000 0.351992 0.016808
0.084388 0.356259 0.018394
0.100000 0.363334 0.019134
0.106821 0.366667 0.022157
0.125000 0.375487 0.025000
0.140046 0.383333 0.025553
0.150000 0.388501 0.026208
0.170669 0.400000 0.028510

Course 10

0.000000 0.313105 0.000000
0.009730 0.316667 0.002682
0.025000 0.322183 0.006526
0.045284 0.330189 0.008099
0.050000 0.332044 0.012941
0.053017 0.333333 0.013101
0.075000 0.342625 0.013537
0.091123 0.350000 0.017639
0.100000 0.354023 0.019134
0.122594 0.365063 0.021730
0.125000 0.366235 0.025000
0.125823 0.366667 0.025421
0.150000 0.379248 0.026026
0.157327 0.383333 0.028638
0.175000 0.393150 0.030438
0.186540 0.400000 0.031489

Course 11

0.000000 0.303527 0.000000
0.011730 0.307820 0.000508
0.025000 0.312657 0.004602
0.035068 0.316667 0.006315
0.050000 0.322539 0.006526
0.074547 0.333031 0.011683
0.075000 0.333224 0.012941
0.075237 0.333333 0.016584
0.100000 0.344629 0.019134
0.110923 0.350000 0.021025
0.125000 0.356861 0.025000
0.143721 0.366667 0.025036
0.150000 0.369934 0.025099
0.174031 0.383333 0.028522
0.175000 0.383872 0.030438
0.182371 0.388247 0.031621
0.200000 0.398702 0.033048
0.202054 0.400000 0.034315

Course 12

0.000000 0.293835 0.000000
0.016686 0.300000 0.004171
0.025000 0.303030 0.006526
0.036290 0.307527 0.009929
0.050000 0.312968 0.012941
0.058576 0.316667 0.015218
0.075000 0.323665 0.019134
0.095970 0.333333 0.020032
0.100000 0.335172 0.022534
0.110509 0.340340 0.024353
0.125000 0.347449 0.025000
0.129840 0.350000 0.028155
0.150000 0.360539 0.030438
0.160942 0.366667 0.031529
0.175000 0.374493 0.033135
0.189859 0.383333 0.034461
0.200000 0.389347 0.035355
0.216847 0.400000 0.036950

Course 13

0.000000 0.284078 0.000000
0.002506 0.285004 0.001658
0.025000 0.293282 0.006526
0.041708 0.300000 0.007826
0.050000 0.303291 0.012941
0.063983 0.309322 0.013528
0.075000 0.314060 0.016582
0.080603 0.316667 0.018726
0.100000 0.325586 0.019134
0.115631 0.333333 0.023382
0.125000 0.337930 0.025000
0.147899 0.350000 0.027528
0.150000 0.351098 0.030438
0.160300 0.356867 0.031207
0.175000 0.365088 0.032605
0.177642 0.366667 0.034384
0.200000 0.379955 0.035355
0.205330 0.383333 0.037094
0.225000 0.395765 0.039235
0.231297 0.400000 0.039475

Course 14

0.000000 0.274158 0.000000
0.024606 0.283333 0.005353
0.025000 0.283478 0.006526
0.025548 0.283698 0.011467
0.050000 0.293497 0.012941
0.064933 0.300000 0.017062
0.075000 0.304329 0.019134
0.096495 0.314330 0.022115
0.100000 0.315956 0.025000
0.101420 0.316667 0.026633
0.125000 0.328327 0.030438
0.134422 0.333333 0.030648
0.150000 0.341529 0.031127
0.165029 0.350000 0.034078
0.175000 0.355576 0.035355
0.193558 0.366667 0.037038
0.200000 0.370496 0.039573
0.220258 0.383333 0.039630
0.225000 0.386331 0.039668
0.245325 0.400000 0.041668

Course 15

0.000000 0.264183 0.000000
0.006604 0.266667 0.002490
0.025000 0.273500 0.006526
0.049226 0.283333 0.009035
0.050000 0.283643 0.012941
0.051341 0.284227 0.015065
0.075000 0.294497 0.019134
0.086714 0.300000 0.020543
0.100000 0.306164 0.025000
0.120997 0.316667 0.025462
0.125000 0.318646 0.027256
0.139628 0.326419 0.029792
0.150000 0.331917 0.030438
0.152492 0.333333 0.033537
0.175000 0.345998 0.035355
0.181654 0.350000 0.036779
0.200000 0.360952 0.039436
0.208979 0.366667 0.039587
0.225000 0.376814 0.039668
0.234673 0.383333 0.041811
0.250000 0.393642 0.043301
0.258903 0.400000 0.043732

Course 16

0.000000 0.254078 0.000000
0.014034 0.259356 0.006224
0.025000 0.263463 0.006526
0.032827 0.266667 0.012713
0.050000 0.273611 0.012941
0.072118 0.283333 0.018632
0.075000 0.284584 0.019134
0.081352 0.287568 0.023947
0.100000 0.296297 0.025000
0.107334 0.300000 0.028648
0.125000 0.308811 0.030438
0.139654 0.316667 0.032756
0.150000 0.322152 0.035355
0.169682 0.333333 0.036313
0.175000 0.336326 0.038572
0.197738 0.350000 0.039344
0.200000 0.351350 0.039668
0.224063 0.366667 0.041787
0.225000 0.367260 0.043301
0.248851 0.383333 0.043857
0.250000 0.384106 0.044570
0.272256 0.400000 0.045486

Course 17

0.000000 0.243870 0.000000
0.016183 0.250000 0.003012
0.025000 0.253302 0.006526
0.037832 0.258555 0.009954
0.050000 0.263510 0.012941
0.057125 0.266667 0.016332
0.075000 0.274491 0.019134
0.093657 0.283333 0.022096
0.100000 0.286302 0.025000
0.118347 0.295564 0.027226
0.125000 0.298913 0.030438
0.127011 0.300000 0.031729
0.150000 0.312292 0.035355
0.157638 0.316667 0.035637
0.175000 0.326510 0.036503
0.186263 0.333333 0.038899
0.200000 0.341584 0.039668
0.213146 0.350000 0.041595
0.225000 0.357540 0.043301
0.238488 0.366667 0.043849
0.250000 0.374426 0.044709
0.262447 0.383333 0.045621
0.275000 0.392307 0.046194
0.285157 0.400000 0.046967

Course 18

0.000000 0.233592 0.000000
0.000900 0.233933 0.004487
0.025000 0.243007 0.006526
0.041976 0.250000 0.006802
0.050000 0.253268 0.012941
0.064613 0.259742 0.013670
0.075000 0.264326 0.019134
0.079902 0.266667 0.019918
0.100000 0.276158 0.025000
0.114096 0.283333 0.025513
0.125000 0.288821 0.030438
0.145676 0.300000 0.030449
0.150000 0.302312 0.030512
0.174622 0.316415 0.034673
0.175000 0.316631 0.035355
0.175059 0.316667 0.038248
0.200000 0.331762 0.039668
0.202436 0.333333 0.041232
0.225000 0.347773 0.043301
0.228271 0.350000 0.043707
0.250000 0.364705 0.044503
0.252729 0.366667 0.045627
0.275000 0.382616 0.046194
0.275944 0.383333 0.047076
0.282812 0.388541 0.048221
0.297941 0.400000 0.048264

Course 19

0.000000 0.223116 0.000000
0.022568 0.231712 0.001505
0.025000 0.232637 0.003213
0.026684 0.233333 0.006526
0.050000 0.242902 0.010573
0.065923 0.250000 0.012941
0.075000 0.254006 0.017323
0.096174 0.264116 0.019134
0.100000 0.265940 0.023399
0.101417 0.266667 0.025000
0.125000 0.278651 0.028765
0.133587 0.283333 0.030438
0.150000 0.292193 0.033417
0.163512 0.300000 0.035355
0.175000 0.306571 0.037375
0.191528 0.316667 0.039668
0.200000 0.321794 0.040688
0.217891 0.333333 0.043301
0.225000 0.337883 0.043427
0.242800 0.350000 0.043744
0.250000 0.354873 0.045499
0.266409 0.366667 0.046194
0.275000 0.372819 0.047089
0.288843 0.383333 0.048296
0.300000 0.391794 0.048350
0.305764 0.396158 0.048420
0.310825 0.400000 0.049079

Course 20

0.000000 0.212613 0.000000
0.010636 0.216667 0.003298
0.025000 0.222127 0.006526
0.046594 0.231062 0.006765
0.050000 0.232473 0.007037
0.051922 0.233333 0.012941
0.075000 0.243611 0.014304
0.088296 0.250000 0.019134
0.100000 0.255580 0.020896
0.121613 0.266667 0.025000
0.125000 0.268388 0.026762
0.139181 0.276121 0.030438
0.150000 0.282017 0.031884
0.152257 0.283333 0.035355
0.175000 0.296468 0.036269
0.180729 0.300000 0.039668
0.200000 0.311767 0.039955
0.207530 0.316667 0.041240
0.225000 0.327933 0.042926
0.232871 0.333333 0.043301
0.250000 0.344995 0.045226
0.256920 0.350000 0.046194
0.275000 0.362998 0.047000
0.279808 0.366667 0.048296
0.300000 0.382007 0.048362
0.300930 0.382713 0.048470
0.301745 0.383333 0.049154
0.312634 0.391577 0.049572
0.323728 0.400000 0.049676

Course 21

0.000000 0.202075 0.000000
0.007269 0.204846 0.001670
0.025000 0.211612 0.003458
0.037188 0.216667 0.005092
0.050000 0.221971 0.006526
0.074237 0.232825 0.008531
0.075000 0.233166 0.010816
0.075346 0.233333 0.012941
0.100000 0.245175 0.017969
0.109339 0.250000 0.019134
0.125000 0.258030 0.024388
0.140706 0.266667 0.025000
0.150000 0.271732 0.030025
0.169897 0.283333 0.030438
0.175000 0.286280 0.034860
0.197253 0.300000 0.035355
0.200000 0.301677 0.038905
0.223036 0.316667 0.039668
0.225000 0.317933 0.042197
0.247447 0.333333 0.043301
0.250000 0.335072 0.044800
0.270638 0.350000 0.046194
0.275000 0.353136 0.046803
0.292732 0.366667 0.048296
0.300000 0.372188 0.048309
0.307814 0.378124 0.048335
0.314665 0.383333 0.049166
0.319504 0.386997 0.049572
0.325000 0.391170 0.049702
0.331396 0.395736 0.049876
0.337363 0.400000 0.049947

Course 22

0.000000 0.191544 0.000000
0.008084 0.194611 0.000150
0.022143 0.200000 0.000301
0.025000 0.201090 0.003522
0.029328 0.202885 0.006526
0.050000 0.211444 0.006891
0.061629 0.216667 0.007283
0.075000 0.222651 0.010298
0.097114 0.233333 0.012941
0.100000 0.234719 0.013689
0.109238 0.239492 0.014547
0.125000 0.247630 0.019134
0.129278 0.250000 0.021519
0.150000 0.261391 0.025000
0.158970 0.266667 0.027695
0.175000 0.276011 0.030438
0.186765 0.283333 0.033042
0.200000 0.291492 0.035355
0.212951 0.300000 0.037557
0.225000 0.307840 0.039668
0.237749 0.316667 0.041264
0.250000 0.325072 0.043301
0.261329 0.333333 0.044217
0.275000 0.343223 0.046194
0.283823 0.350000 0.046493
0.300000 0.362346 0.047519
0.303021 0.364653 0.048121
0.305658 0.366667 0.048296
0.314699 0.373534 0.049114
0.325000 0.381368 0.049572
0.326421 0.382386 0.049706
0.327745 0.383333 0.049783
0.338492 0.391006 0.049862
0.350000 0.399230 0.049926
0.350575 0.399617 0.049972
0.351145 0.400000 0.050000

Course 23

0.000000 0.181005 0.000000
0.002225 0.181850 0.002061
0.006113 0.183333 0.004139
0.018150 0.187900 0.005374
0.025000 0.190526 0.006526
0.033773 0.194151 0.008714
0.047847 0.200000 0.011065
0.050000 0.200891 0.012064
0.054098 0.202732 0.012941
0.075000 0.212108 0.015399
0.084408 0.216667 0.018215
0.100000 0.224192 0.019134
0.117599 0.233333 0.024892
0.125000 0.237155 0.025000
0.148189 0.250000 0.025015
0.150000 0.250996 0.030438
0.162683 0.258455 0.030918
0.175000 0.265698 0.035355
0.176542 0.266667 0.035948
0.200000 0.281265 0.039668
0.203118 0.283333 0.040119
0.225000 0.297708 0.043301
0.228277 0.300000 0.043469
0.250000 0.315040 0.044726
0.252209 0.316667 0.046021
0.275000 0.333286 0.046194
0.275061 0.333333 0.047814
0.275459 0.333640 0.048296
0.296758 0.350000 0.048996
0.300000 0.352474 0.049394
0.309922 0.360052 0.049459
0.318586 0.366667 0.049572
0.321584 0.368944 0.049572
0.325000 0.371542 0.049689
0.333527 0.377649 0.049689
0.341466 0.383333 0.049757
0.345587 0.386275 0.049850
0.350000 0.389429 0.049930
0.357894 0.394737 0.049977
0.365723 0.400000 0.050000

Course 24

0.000000 0.170432 0.000000
0.012328 0.175115 0.000716
0.025000 0.179949 0.001395
0.028130 0.181247 0.003972
0.033172 0.183333 0.006526
0.043560 0.187627 0.007237
0.050000 0.190303 0.007956
0.058693 0.194204 0.010537
0.071594 0.200000 0.012941
0.075000 0.201528 0.013829
0.083391 0.205594 0.014789
0.100000 0.213639 0.017109
0.105810 0.216667 0.019134
0.125000 0.226630 0.020351
0.137033 0.233333 0.021755
0.150000 0.240514 0.025000
0.166006 0.250000 0.028285
0.175000 0.255289 0.030438
0.193119 0.266667 0.033902
0.200000 0.270949 0.035355
0.218669 0.283333 0.038592
0.225000 0.287493 0.039668
0.242887 0.300000 0.042368
0.250000 0.304925 0.043301
0.265952 0.316667 0.045276
0.275000 0.323265 0.046194
0.287999 0.333333 0.047391
0.300000 0.342552 0.048296
0.305186 0.346543 0.048585
0.309687 0.350000 0.048809
0.316824 0.355451 0.048943
0.325000 0.361693 0.049313
0.328586 0.364276 0.049412
0.331912 0.366667 0.049572
0.340632 0.372912 0.049572
0.350000 0.379619 0.049650
0.352769 0.381487 0.049682
0.355511 0.383333 0.049751
0.365213 0.389858 0.049851
0.375000 0.396436 0.049856
0.377743 0.398171 0.049961
0.380638 0.400000 0.050000

Course 25

0.000000 0.159892 0.000000
0.006484 0.162344 0.002685
0.017922 0.166667 0.005233
0.022431 0.168379 0.005882
0.025000 0.169359 0.006526
0.037925 0.174717 0.009116
0.050000 0.179714 0.011737
0.053243 0.181171 0.012360
0.058071 0.183333 0.012941
0.068189 0.187874 0.015593
0.075000 0.190934 0.018457
0.082870 0.194753 0.018819
0.093708 0.200000 0.019134
0.100000 0.203048 0.021975
0.120939 0.213960 0.025000
0.125000 0.216076 0.025109
0.126057 0.216667 0.025236
0.150000 0.230005 0.030438
0.155584 0.233333 0.031457
0.175000 0.244840 0.035355
0.183154 0.250000 0.036711
0.200000 0.260579 0.039668
0.209094 0.266667 0.041001
0.225000 0.277218 0.043301
0.233659 0.283333 0.044358
0.250000 0.294759 0.046194
0.257049 0.300000 0.046845
0.275000 0.313213 0.047442
0.279417 0.316667 0.047751
0.300000 0.332609 0.048296
0.300502 0.332999 0.048296
0.300935 0.333333 0.048427
0.312106 0.341929 0.048502
0.322613 0.350000 0.048551
0.323726 0.350849 0.048913
0.325000 0.351822 0.049295
0.335705 0.359530 0.049407
0.345631 0.366667 0.049572
0.347738 0.368175 0.049572
0.350000 0.369795 0.049587
0.360094 0.376604 0.049642
0.370087 0.383333 0.049689
0.372533 0.384978 0.049767
0.375000 0.386637 0.049865
0.385286 0.393143 0.049922
0.396143 0.400000 0.050000

Course 26

0.000000 0.149376 0.000000
0.000598 0.149601 0.001524
0.001662 0.150000 0.002881
0.016555 0.155630 0.004654
0.025000 0.158822 0.006526
0.032270 0.161820 0.007810
0.044053 0.166667 0.009031
0.047720 0.168187 0.010996
0.050000 0.169130 0.012941
0.062725 0.174850 0.014179
0.075000 0.180346 0.015439
0.077593 0.181605 0.017356
0.081174 0.183333 0.019134
0.092069 0.188620 0.020499
0.100000 0.192460 0.021984
0.106340 0.195774 0.023598
0.114464 0.200000 0.025000
0.125000 0.205491 0.026619
0.144994 0.216667 0.028504
0.150000 0.219455 0.030438
0.173284 0.233333 0.034440
0.175000 0.234350 0.035355
0.199730 0.250000 0.039354
0.200000 0.250170 0.039668
0.224643 0.266667 0.043250
0.225000 0.266903 0.043301
0.248266 0.283333 0.046086
0.250000 0.284546 0.046125
0.270785 0.300000 0.046165
0.275000 0.303102 0.046194
0.292345 0.316667 0.046194
0.300000 0.322595 0.046904
0.307441 0.328372 0.047307
0.313851 0.333333 0.047685
0.319027 0.337316 0.048168
0.325000 0.341904 0.048296
0.330816 0.346122 0.048296
0.336178 0.350000 0.048413
0.342823 0.354785 0.048485
0.350000 0.359944 0.048923
0.354999 0.363334 0.049344
0.359927 0.366667 0.049359
0.367419 0.371720 0.049440
0.375000 0.376826 0.049572
0.380002 0.379999 0.049572
0.385271 0.383333 0.049708
0.392829 0.388114 0.049806
0.400000 0.392643 0.049859
0.405836 0.396109 0.049892
0.412400 0.400000 0.050000

Course 27

0.000000 0.138934 0.000000
0.010614 0.142924 0.000494
0.025000 0.148316 0.000907
0.026563 0.148958 0.003552
0.029116 0.150000 0.006526
0.042019 0.155321 0.006625
0.050000 0.158604 0.006712
0.057236 0.161843 0.009746
0.068066 0.166667 0.012809
0.072208 0.168528 0.012875
0.075000 0.169778 0.012941
0.086765 0.175490 0.015996
0.100000 0.181880 0.019104
0.101222 0.182518 0.019120
0.102793 0.183333 0.019134
0.115241 0.189840 0.022173
0.125000 0.194917 0.025000
0.129140 0.197240 0.025213
0.134091 0.200000 0.025446
0.150000 0.208895 0.028128
0.162996 0.216667 0.030438
0.175000 0.223823 0.030996
0.189943 0.233333 0.031653
0.200000 0.239698 0.035355
0.215271 0.250000 0.037184
0.225000 0.256513 0.039668
0.239249 0.266667 0.041646
0.250000 0.274258 0.043301
0.262086 0.283333 0.044273
0.275000 0.292933 0.044966
0.283947 0.300000 0.045064
0.300000 0.312550 0.045902
0.302838 0.314775 0.046013
0.305261 0.316667 0.046194
0.314381 0.323746 0.046194
0.325000 0.331965 0.046865
0.325978 0.332681 0.047279
0.326873 0.333333 0.047493
0.337950 0.341367 0.047688
0.349886 0.350000 0.048296
0.349941 0.350039 0.048296
0.350000 0.350082 0.048439
0.362334 0.358444 0.048535
0.374492 0.366667 0.048972
0.374744 0.366837 0.049024
0.375000 0.367009 0.049461
0.387547 0.374968 0.049510
0.400000 0.382850 0.049572
0.400383 0.383078 0.049572
0.400813 0.383333 0.049739
0.413605 0.390930 0.049772
0.425000 0.397684 0.049870
0.426893 0.398738 0.049929
0.429166 0.400000 0.050000

Course 28

0.000000 0.128539 0.000000
0.004610 0.130260 0.002582
0.012882 0.133333 0.004738
0.020631 0.136246 0.005580
0.025000 0.137884 0.006526
0.036251 0.142499 0.008618
0.050000 0.148112 0.010487
0.051698 0.148868 0.011682
0.054256 0.150000 0.012941
0.066667 0.155555 0.014747
0.075000 0.159267 0.016474
0.081433 0.162378 0.017813
0.090358 0.166667 0.019134
0.095937 0.169375 0.020844
0.100000 0.171337 0.022595
0.110088 0.176608 0.023846
0.123047 0.183333 0.025000
0.124142 0.183906 0.026768
0.125000 0.184352 0.028708
0.137745 0.191503 0.029638
0.150000 0.198336 0.030438
0.151313 0.199125 0.032365
0.152781 0.200000 0.034630
0.175000 0.213292 0.035355
0.180287 0.216667 0.038834
0.200000 0.229215 0.039668
0.206072 0.233333 0.039798
0.225000 0.246101 0.042256
0.230431 0.250000 0.042631
0.250000 0.263943 0.043301
0.253596 0.266667 0.043301
0.275000 0.282734 0.043774
0.275752 0.283333 0.043807
0.279834 0.286556 0.044091
0.296855 0.300000 0.044892
0.300000 0.302458 0.045866
0.309796 0.310136 0.045998
0.318160 0.316667 0.046194
0.321320 0.319120 0.046194
0.325000 0.321968 0.046686
0.333129 0.327914 0.046895
0.340564 0.333333 0.047363
0.345084 0.336611 0.047755
0.350000 0.340167 0.048296
0.357287 0.345142 0.048296
0.364426 0.350000 0.048504
0.369669 0.353554 0.048612
0.375000 0.357160 0.048654
0.382290 0.361807 0.049057
0.389936 0.366667 0.049572
0.395093 0.369938 0.049572
0.400000 0.373044 0.049587
0.408152 0.377899 0.049598
0.417302 0.383333 0.049659
0.421373 0.385751 0.049782
0.425000 0.387901 0.049957
0.434891 0.393406 0.049978
0.446767 0.400000 0.050000

Course 29

0.000000 0.118199 0.000000
0.014553 0.123632 0.001754
0.025000 0.127514 0.003124
0.030418 0.129721 0.004670
0.039339 0.133333 0.006526
0.045939 0.136040 0.007620
0.050000 0.137698 0.008536
0.061063 0.142625 0.010611
0.075000 0.148790 0.012941
0.076054 0.149297 0.013615
0.077526 0.150000 0.014219
0.090551 0.156300 0.016618
0.100000 0.160840 0.019134
0.104907 0.163395 0.019619
0.111240 0.166667 0.020086
0.118954 0.170697 0.022568
0.125000 0.173835 0.025000
0.132739 0.178174 0.025498
0.142013 0.183333 0.026012
0.146350 0.185767 0.028324
0.150000 0.187802 0.030438
0.159626 0.193582 0.031100
0.170389 0.200000 0.031834
0.175000 0.202758 0.033733
0.196785 0.216667 0.035355
0.200000 0.218713 0.036265
0.221555 0.233333 0.037346
0.225000 0.235657 0.039668
0.244979 0.250000 0.040002
0.250000 0.253578 0.041186
0.267279 0.266667 0.042032
0.275000 0.272462 0.042038
0.288633 0.283333 0.042514
0.300000 0.292308 0.043301
0.305276 0.296483 0.043301
0.309739 0.300000 0.043771
0.316753 0.305498 0.044059
0.325000 0.311937 0.044914
0.328367 0.314422 0.045573
0.331420 0.316667 0.045984
0.340279 0.323147 0.046072
0.350000 0.330232 0.046194
0.352289 0.331807 0.046194
0.354514 0.333333 0.046989
0.364636 0.340243 0.047561
0.375000 0.347296 0.047884
0.377067 0.348622 0.048003
0.379221 0.350000 0.048296
0.389843 0.356771 0.048296
0.400000 0.363227 0.048605
0.402719 0.364854 0.048845
0.405758 0.366667 0.049177
0.415921 0.372719 0.049416
0.425000 0.378112 0.049572
0.429264 0.380491 0.049572
0.434372 0.383333 0.049635
0.442889 0.388074 0.049687
0.450000 0.392022 0.049835
0.456721 0.395520 0.049929
0.465351 0.400000 0.050000

Course 30

0.000000 0.107961 0.000000
0.008394 0.111071 0.001077
0.023593 0.116667 0.001861
0.024495 0.117003 0.003904
0.025000 0.117191 0.006526
0.040028 0.123315 0.006761
0.050000 0.127352 0.006944
0.055393 0.129738 0.009672
0.063584 0.133333 0.012306
0.070429 0.136381 0.012605
0.075000 0.138403 0.012941
0.085103 0.143265 0.015541
0.099211 0.150000 0.017874
0.099668 0.150221 0.018489
0.100000 0.150381 0.019134
0.113717 0.157522 0.021395
0.125000 0.163351 0.023570
0.127706 0.164862 0.024292
0.130964 0.166667 0.025000
0.141305 0.172463 0.027100
0.150000 0.177301 0.029268
0.154764 0.180157 0.029879
0.160101 0.183333 0.030438
0.167940 0.188040 0.032510
0.175000 0.192250 0.034805
0.180927 0.196049 0.035102
0.187135 0.200000 0.035355
0.200000 0.208214 0.037415
0.212427 0.216667 0.037468
0.225000 0.225195 0.038220
0.236278 0.233333 0.039668
0.250000 0.243182 0.039668
0.258937 0.250000 0.039741
0.275000 0.262164 0.039782
0.280600 0.266667 0.039787
0.300000 0.282130 0.039930
0.300821 0.282786 0.041117
0.301510 0.283333 0.041997
0.312250 0.291833 0.042517
0.322614 0.300000 0.043301
0.323711 0.300860 0.043301
0.325000 0.301866 0.043830
0.335536 0.309643 0.044083
0.345087 0.316667 0.044181
0.347430 0.318380 0.045025
0.350000 0.320253 0.046194
0.359654 0.326897 0.046194
0.369038 0.333333 0.046222
0.371984 0.335344 0.046242
0.375000 0.337397 0.047054
0.384634 0.343578 0.047143
0.394674 0.350000 0.047878
0.397397 0.351736 0.048069
0.400000 0.353390 0.048296
0.410496 0.359669 0.048296
0.422224 0.366667 0.048740
0.423690 0.367540 0.048919
0.425000 0.368318 0.049110
0.437262 0.375159 0.049329
0.450000 0.382248 0.049572
0.450913 0.382724 0.049572
0.452084 0.383333 0.049693
0.464954 0.390031 0.049789
0.475000 0.395246 0.049801
0.479127 0.397249 0.049899
0.484808 0.400000 0.050000

Course 31

0.000000 0.097768 0.000000
0.002157 0.098562 0.000560
0.006099 0.100000 0.000939
0.018249 0.104501 0.003290
0.025000 0.106986 0.005684
0.034035 0.110643 0.006053
0.049046 0.116667 0.006526
0.049638 0.116908 0.008873
0.050000 0.117054 0.010709
0.064677 0.123549 0.011725
0.075000 0.128080 0.012941
0.079589 0.130274 0.014590
0.086049 0.133333 0.015976
0.094151 0.137232 0.017468
0.100000 0.140024 0.019134
0.108422 0.144385 0.020332
0.119360 0.150000 0.021414
0.122527 0.151649 0.023170
0.125000 0.152927 0.025000
0.136217 0.159189 0.025973
0.149716 0.166667 0.026916
0.149870 0.166753 0.028702
0.150000 0.166825 0.030438
0.163038 0.174641 0.031369
0.175000 0.181760 0.032338
0.176205 0.182530 0.033920
0.177469 0.183333 0.034697
0.188957 0.190695 0.034931
0.200000 0.197724 0.035355
0.201688 0.198875 0.035355
0.203346 0.200000 0.036365
0.225000 0.214728 0.036520
0.227681 0.216667 0.037163
0.250000 0.232769 0.037494
0.250736 0.233333 0.038109
0.255850 0.237233 0.038672
0.272585 0.250000 0.039668
0.275000 0.251829 0.039668
0.293450 0.266667 0.039720
0.300000 0.271887 0.039752
0.307813 0.278125 0.040803
0.314361 0.283333 0.041168
0.319225 0.287183 0.042156
0.325000 0.291734 0.042163
0.330856 0.296096 0.042634
0.336115 0.300000 0.043301
0.342705 0.304864 0.043301
0.350000 0.310228 0.043978
0.354731 0.313513 0.044463
0.359289 0.316667 0.045219
0.367020 0.321987 0.045877
0.375000 0.327461 0.046194
0.379472 0.330352 0.046194
0.384096 0.333333 0.046402
0.392200 0.338533 0.046563
0.400000 0.343522 0.047353
0.405106 0.346596 0.047804
0.410776 0.350000 0.048296
0.418273 0.354485 0.048296
0.425000 0.358499 0.048303
0.431657 0.362229 0.048308
0.439595 0.366667 0.048339
0.445259 0.369827 0.048907
0.450000 0.372465 0.049452
0.459146 0.377236 0.049511
0.470864 0.383333 0.049572
0.473187 0.384542 0.049572
0.475000 0.385483 0.049622
0.487602 0.391599 0.049761
0.500000 0.397602 0.049942
0.502145 0.398570 0.049971
0.505322 0.400000 0.050000

Course 32

0.000000 0.087673 0.000000
0.011915 0.092057 0.000213
0.025000 0.096830 0.000347
0.027965 0.098023 0.002838
0.032936 0.100000 0.004759
0.043554 0.104297 0.005502
0.050000 0.106884 0.006526
0.058844 0.110771 0.008222
0.072395 0.116667 0.009459
0.073961 0.117360 0.010986
0.075000 0.117816 0.012941
0.088555 0.124296 0.013773
0.100000 0.129717 0.014426
0.103063 0.131292 0.016573
0.107071 0.133333 0.019134
0.117163 0.138558 0.019388
0.125000 0.142582 0.019603
0.131073 0.145951 0.022160
0.138430 0.150000 0.024893
0.144727 0.153516 0.024945
0.150000 0.156437 0.025000
0.158098 0.161268 0.027623
0.167210 0.166667 0.030167
0.171312 0.169126 0.030304
0.175000 0.171320 0.030438
0.184199 0.177200 0.031719
0.193854 0.183333 0.032821
0.196988 0.185342 0.033012
0.200000 0.187259 0.034420
0.209447 0.193702 0.034772
0.218730 0.200000 0.035303
0.225000 0.204264 0.035330
0.242145 0.216667 0.035355
0.250000 0.222334 0.035355
0.264350 0.233333 0.036467
0.275000 0.241455 0.037136
0.285554 0.250000 0.037605
0.300000 0.261613 0.038142
0.303435 0.264376 0.039668
0.306290 0.266667 0.039668
0.314804 0.273464 0.039819
0.325000 0.281575 0.039848
0.326240 0.282506 0.039918
0.327344 0.283333 0.040051
0.338044 0.291304 0.041331
0.349759 0.300000 0.041819
0.349873 0.300084 0.042513
0.350000 0.300178 0.042856
0.362117 0.308589 0.043301
0.373789 0.316667 0.043301
0.374385 0.317077 0.043699
0.375000 0.317499 0.044178
0.387058 0.325295 0.044208
0.399526 0.333333 0.044906
0.399767 0.333488 0.045491
0.400000 0.333637 0.046194
0.412898 0.341402 0.046194
0.425000 0.348668 0.046637
0.426083 0.349278 0.047006
0.427365 0.350000 0.047272
0.439663 0.356891 0.047615
0.450000 0.362670 0.048296
0.453357 0.364429 0.048296
0.457639 0.366667 0.048485
0.467379 0.371747 0.048653
0.475000 0.375713 0.049103
0.481610 0.378927 0.049138
0.490689 0.383333 0.049572
0.496077 0.385948 0.049572
0.500000 0.387848 0.049624
0.510872 0.392752 0.049673
0.525000 0.399114 0.049838
0.525817 0.399455 0.049891
0.527123 0.400000 0.050000

Course 33

0.000000 0.077651 0.000000
0.005502 0.079665 0.000049
0.015643 0.083333 0.000077
0.021672 0.085552 0.002559
0.025000 0.086766 0.004164
0.037382 0.091745 0.005116
0.050000 0.096764 0.006526
0.052933 0.098045 0.007729
0.057467 0.100000 0.008545
0.068034 0.104644 0.010397
0.075000 0.107675 0.012941
0.082879 0.111414 0.013097
0.094065 0.116667 0.013212
0.097521 0.118319 0.015815
0.100000 0.119493 0.018072
0.111723 0.125518 0.018557
0.125000 0.132281 0.019134
0.125865 0.132757 0.021271
0.126921 0.133333 0.023078
0.139517 0.140322 0.023989
0.150000 0.146091 0.025000
0.153105 0.147930 0.026647
0.156622 0.150000 0.028146
0.166320 0.155786 0.028584
0.175000 0.160929 0.029241
0.179406 0.163729 0.029273
0.184052 0.166667 0.030438
0.192194 0.171871 0.030438
0.200000 0.176830 0.031093
0.204831 0.180113 0.031451
0.209588 0.183333 0.031810
0.217206 0.188529 0.032920
0.225000 0.193817 0.033151
0.229445 0.197036 0.034274
0.233550 0.200000 0.034401
0.250000 0.211897 0.034778
0.256209 0.216667 0.035355
0.275000 0.231067 0.035355
0.277787 0.233333 0.036557
0.290808 0.243872 0.036611
0.298377 0.250000 0.037341
0.300000 0.251305 0.037930
0.310442 0.259706 0.038309
0.319118 0.266667 0.038845
0.321795 0.268804 0.039668
0.325000 0.271353 0.039668
0.333449 0.277701 0.040028
0.340966 0.283333 0.040284
0.345233 0.286512 0.040896
0.350000 0.290051 0.041597
0.357278 0.295148 0.042280
0.364223 0.300000 0.042835
0.369502 0.303665 0.043072
0.375000 0.307470 0.043176
0.381974 0.312017 0.043301
0.389121 0.316667 0.043301
0.394644 0.320238 0.044509
0.400000 0.323691 0.044514
0.407573 0.328284 0.045516
0.415915 0.333333 0.045835
0.420689 0.336207 0.045968
0.425000 0.338795 0.046194
0.434106 0.343929 0.046194
0.444896 0.350000 0.046924
0.447669 0.351554 0.046967
0.450000 0.352857 0.047573
0.461601 0.358933 0.047926
0.475000 0.365937 0.048296
0.475631 0.366246 0.048296
0.476495 0.366667 0.048470
0.490086 0.373276 0.048695
0.500000 0.378088 0.049074
0.504689 0.380207 0.049326
0.511615 0.383333 0.049572
0.519598 0.386935 0.049572
0.525000 0.389367 0.049695
0.534804 0.393464 0.049706
0.550000 0.399803 0.049841
0.550187 0.399875 0.049924
0.550511 0.400000 0.050000

Course 34

0.000000 0.067684 0.000000
0.015153 0.073231 0.000080
0.025000 0.076793 0.000123
0.031131 0.079246 0.002466
0.041492 0.083333 0.003891
0.046799 0.085468 0.004906
0.050000 0.086741 0.006526
0.062019 0.091987 0.007405
0.075000 0.097586 0.007957
0.077123 0.098585 0.009969
0.080163 0.100000 0.012304
0.091752 0.105499 0.012572
0.100000 0.109372 0.012941
0.106203 0.112531 0.015200
0.114393 0.116667 0.016855
0.120382 0.119745 0.017857
0.125000 0.122097 0.019134
0.134235 0.127176 0.020509
0.145511 0.133333 0.021595
0.147961 0.134693 0.023153
0.150000 0.135815 0.025000
0.161269 0.142488 0.025332
0.174032 0.150000 0.025782
0.174543 0.150305 0.026449
0.175000 0.150576 0.027142
0.187357 0.158429 0.028304
0.200000 0.166423 0.028347
0.200181 0.166546 0.029105
0.200361 0.166667 0.030438
0.212561 0.174959 0.030438
0.224931 0.183333 0.030891
0.224965 0.183356 0.031068
0.225000 0.183380 0.031307
0.236949 0.192034 0.031443
0.247981 0.200000 0.032991
0.250000 0.201460 0.033307
0.269796 0.216667 0.034643
0.275000 0.220655 0.034938
0.290589 0.233333 0.035355
0.300000 0.240950 0.035355
0.306132 0.245912 0.035692
0.311190 0.250000 0.036024
0.317448 0.255035 0.036778
0.325000 0.261094 0.037780
0.328915 0.264057 0.037889
0.332368 0.266667 0.038598
0.340658 0.272895 0.039668
0.350000 0.279895 0.039668
0.352504 0.281664 0.040032
0.354871 0.283333 0.040339
0.364688 0.290208 0.040417
0.375000 0.297414 0.040852
0.376953 0.298698 0.041943
0.378935 0.300000 0.041959
0.389584 0.306944 0.043301
0.400000 0.313721 0.043301
0.402305 0.315130 0.043537
0.404821 0.316667 0.043732
0.415387 0.323075 0.043754
0.425000 0.328893 0.044269
0.428596 0.330936 0.044890
0.432823 0.333333 0.045320
0.442130 0.338580 0.046194
0.450000 0.343008 0.046194
0.455858 0.346094 0.046232
0.463281 0.350000 0.046267
0.469844 0.353437 0.046710
0.475000 0.356133 0.047257
0.484121 0.360586 0.047336
0.496592 0.366667 0.048266
0.498562 0.367625 0.048281
0.500000 0.368323 0.048296
0.513418 0.374388 0.048296
0.525000 0.379616 0.048931
0.528425 0.381050 0.049267
0.533886 0.383333 0.049572
0.543791 0.387472 0.049572
0.550000 0.390063 0.049573
0.559446 0.393703 0.049573
0.575000 0.399686 0.049796
0.575308 0.399795 0.049963
0.575892 0.400000 0.050000

Course 35

0.000000 0.057835 0.000485
0.008557 0.060962 0.002571
0.024448 0.066667 0.003935
0.024804 0.066797 0.004883
0.025000 0.066868 0.006526
0.040434 0.073044 0.007261
0.050000 0.076818 0.007687
0.055923 0.079384 0.009712
0.065156 0.083333 0.011713
0.071105 0.085930 0.012209
0.075000 0.087610 0.012941
0.085897 0.092736 0.014740
0.100000 0.099301 0.015965
0.100598 0.099602 0.017304
0.101394 0.100000 0.019134
0.114776 0.106816 0.019882
0.125000 0.111978 0.020434
0.128873 0.114085 0.021892
0.133643 0.116667 0.022448
0.142606 0.121596 0.022992
0.150000 0.125633 0.025000
0.156146 0.129236 0.025000
0.163164 0.133333 0.025035
0.169432 0.137045 0.025043
0.175000 0.140322 0.025062
0.182463 0.145024 0.025066
0.190385 0.150000 0.027081
0.195307 0.153128 0.027533
0.200000 0.156096 0.028312
0.207878 0.161415 0.029150
0.215673 0.166667 0.029691
0.220291 0.169806 0.030047
0.225000 0.172993 0.030438
0.232450 0.178367 0.030438
0.239345 0.183333 0.031204
0.244452 0.187032 0.031700
0.250000 0.191038 0.032434
0.256247 0.195835 0.033212
0.261673 0.200000 0.034265
0.275000 0.210235 0.034803
0.282893 0.216667 0.035149
0.300000 0.230577 0.035238
0.301863 0.232091 0.035355
0.303392 0.233333 0.035355
0.313152 0.241232 0.037010
0.324002 0.250000 0.037119
0.324454 0.250364 0.038455
0.325000 0.250802 0.038642
0.336145 0.259237 0.039000
0.345973 0.266667 0.039167
0.347867 0.268089 0.039668
0.350000 0.269688 0.039668
0.359939 0.276707 0.040742
0.369333 0.283333 0.041112
0.372097 0.285269 0.041623
0.375000 0.287297 0.042408
0.384592 0.293605 0.042643
0.394326 0.300000 0.042991
0.397194 0.301870 0.043301
0.400000 0.303696 0.043301
0.410148 0.309901 0.043946
0.421223 0.316667 0.044514
0.423201 0.317866 0.044591
0.425000 0.318955 0.045330
0.436647 0.325569 0.046055
0.450000 0.333143 0.046131
0.450159 0.333227 0.046194
0.450359 0.333333 0.046194
0.464123 0.340585 0.046589
0.475000 0.346308 0.046963
0.478189 0.347874 0.047300
0.482521 0.350000 0.047634
0.492610 0.354926 0.048296
0.500000 0.358530 0.048296
0.507262 0.361825 0.048391
0.517939 0.366667 0.048507
0.522147 0.368569 0.048537
0.525000 0.369857 0.048781
0.537417 0.375056 0.049192
0.550000 0.380318 0.049572
0.552864 0.381424 0.049572
0.557814 0.383333 0.049667
0.568704 0.387530 0.049737
0.575000 0.389952 0.049770
0.584848 0.393435 0.049893
0.600000 0.398761 0.050000

Course 36

0.000000 0.048031 0.004289
0.001908 0.048728 0.005061
0.005474 0.050000 0.006526
0.018086 0.054609 0.007310
0.025000 0.057091 0.007727
0.033991 0.060673 0.009638
0.049298 0.066667 0.011441
0.049737 0.066842 0.012019
0.050000 0.066946 0.012941
0.064898 0.073401 0.014444
0.075000 0.077722 0.015391
0.079957 0.080029 0.016906
0.087117 0.083333 0.018402
0.094670 0.086886 0.018662
0.100000 0.089367 0.019134
0.109086 0.093943 0.019134
0.121189 0.100000 0.019401
0.123350 0.101100 0.019584
0.125000 0.101934 0.020756
0.137170 0.108553 0.021630
0.150000 0.115497 0.021880
0.150939 0.116041 0.022890
0.152021 0.116667 0.023903
0.164249 0.123834 0.024387
0.175000 0.130111 0.025000
0.177499 0.131668 0.025000
0.180172 0.133333 0.025057
0.190366 0.139756 0.025091
0.200000 0.145807 0.026839
0.203140 0.147907 0.027197
0.206268 0.150000 0.028303
0.215575 0.156284 0.028607
0.225000 0.162634 0.029285
0.227916 0.164722 0.029360
0.230629 0.166667 0.030438
0.239933 0.173378 0.030438
0.250000 0.180629 0.031486
0.251890 0.182074 0.031662
0.253535 0.183333 0.032218
0.263510 0.190993 0.032714
0.275000 0.199812 0.033568
0.275127 0.199915 0.033977
0.275231 0.200000 0.035355
0.276272 0.200848 0.035355
0.295685 0.216667 0.035640
0.300000 0.220175 0.035856
0.308896 0.227403 0.036213
0.316196 0.233333 0.037007
0.320172 0.236552 0.037568
0.325000 0.240453 0.038328
0.331685 0.245543 0.039365
0.337538 0.250000 0.039506
0.343374 0.254417 0.039668
0.350000 0.259426 0.039668
0.355254 0.263164 0.040346
0.360177 0.266667 0.041020
0.367375 0.271750 0.041230
0.375000 0.277129 0.042193
0.379666 0.280223 0.042599
0.384355 0.283333 0.042938
0.392231 0.288513 0.043301
0.400000 0.293617 0.043301
0.404974 0.296684 0.043909
0.410349 0.300000 0.044416
0.417991 0.304673 0.044558
0.425000 0.308954 0.045427
0.431224 0.312517 0.045466
0.438472 0.316667 0.045831
0.444697 0.320202 0.046194
0.450000 0.323210 0.046194
0.458455 0.327696 0.046756
0.469082 0.333333 0.046987
0.472388 0.335075 0.047398
0.475000 0.336450 0.047788
0.486704 0.342197 0.047890
0.500000 0.348723 0.048051
0.501137 0.349242 0.048296
0.502797 0.350000 0.048296
0.516007 0.355995 0.048750
0.525000 0.360073 0.048810
0.531066 0.362623 0.049304
0.540689 0.366667 0.049365
0.546408 0.369061 0.049476
0.550000 0.370563 0.049572
0.562128 0.375248 0.049572
0.575000 0.380213 0.049769
0.578055 0.381296 0.049978
0.583809 0.383333 0.049995
0.594388 0.387074 0.049998
0.600000 0.389047 0.050000

Course 37

0.000000 0.038349 0.008071
0.011286 0.042476 0.009760
0.025000 0.047366 0.011480
0.027482 0.048346 0.012015
0.031733 0.050000 0.012941
0.043167 0.054555 0.014323
0.050000 0.057230 0.014805
0.058613 0.060925 0.015126
0.072138 0.066667 0.016338
0.073872 0.067418 0.016676
0.075000 0.067901 0.018155
0.088634 0.074244 0.018519
0.100000 0.079490 0.019031
0.103304 0.081131 0.019073
0.107743 0.083333 0.019134
0.117573 0.088284 0.019134
0.125000 0.092001 0.020737
0.131647 0.095568 0.021460
0.139911 0.100000 0.021679
0.145467 0.103022 0.022979
0.150000 0.105476 0.023052
0.158985 0.110676 0.023878
0.169338 0.116667 0.025000
0.172351 0.118433 0.025000
0.175000 0.119979 0.025245
0.185356 0.126429 0.025403
0.196438 0.133333 0.026272
0.198269 0.134487 0.027216
0.200000 0.135574 0.027472
0.210802 0.142798 0.028644
0.221564 0.150000 0.029184
0.223271 0.151153 0.029719
0.225000 0.152317 0.030438
0.235377 0.159748 0.030438
0.245029 0.166667 0.030998
0.247417 0.168389 0.031447
0.250000 0.170250 0.031899
0.259142 0.177239 0.032995
0.267104 0.183333 0.033253
0.270773 0.186151 0.034048
0.275000 0.189395 0.035355
0.282165 0.195224 0.035355
0.288026 0.200000 0.035504
0.300000 0.209757 0.035634
0.304667 0.213556 0.036137
0.308485 0.216667 0.036772
0.315928 0.222714 0.037572
0.325000 0.230085 0.038118
0.327270 0.231820 0.039623
0.329247 0.233333 0.039645
0.338936 0.240710 0.039668
0.350000 0.249135 0.039668
0.350626 0.249583 0.040053
0.351208 0.250000 0.040390
0.362717 0.258189 0.041461
0.374631 0.266667 0.041796
0.374810 0.266793 0.043244
0.375000 0.266927 0.043274
0.387337 0.275108 0.043301
0.399738 0.283333 0.043301
0.399870 0.283420 0.043502
0.400000 0.283506 0.043690
0.412852 0.291432 0.044773
0.425000 0.298925 0.044944
0.425864 0.299424 0.046194
0.426861 0.300000 0.046194
0.439309 0.307127 0.046247
0.450000 0.313247 0.046303
0.452846 0.314770 0.046339
0.456389 0.316667 0.046486
0.466752 0.322165 0.047366
0.475000 0.326541 0.047424
0.480849 0.329434 0.048296
0.488729 0.333333 0.048296
0.495219 0.336521 0.048412
0.500000 0.338867 0.048428
0.509912 0.343392 0.048545
0.524388 0.350000 0.048571
0.524752 0.350165 0.049106
0.525000 0.350277 0.049109
0.540077 0.356616 0.049572
0.550000 0.360785 0.049572
0.555577 0.362948 0.049645
0.565166 0.366667 0.049652
0.571393 0.369072 0.049728
0.575000 0.370463 0.049750
0.587602 0.374932 0.049877
0.600000 0.379321 0.050000

Course 38

0.000000 0.028783 0.011190
0.004430 0.030380 0.011804
0.012761 0.033333 0.011821
0.020665 0.036223 0.012209
0.025000 0.037769 0.012941
0.036524 0.042317 0.012941
0.050000 0.047561 0.014015
0.052241 0.048506 0.014389
0.055783 0.050000 0.014589
0.067476 0.055016 0.015163
0.075000 0.058210 0.016279
0.082517 0.061656 0.016623
0.093457 0.066667 0.018228
0.097311 0.068460 0.018579
0.100000 0.069701 0.018766
0.111719 0.075521 0.018908
0.125000 0.082110 0.019134
0.126024 0.082651 0.019134
0.127308 0.083333 0.020900
0.139879 0.090080 0.021197
0.150000 0.095508 0.022024
0.153631 0.097579 0.022505
0.157854 0.100000 0.023236
0.167032 0.105312 0.023519
0.175000 0.109922 0.025000
0.180264 0.113157 0.025000
0.185949 0.116667 0.025585
0.193213 0.121191 0.025841
0.200000 0.125420 0.025990
0.205961 0.129359 0.026421
0.211950 0.133333 0.027889
0.218465 0.137690 0.028133
0.225000 0.142063 0.030039
0.230769 0.146154 0.030215
0.236171 0.150000 0.030438
0.242838 0.154774 0.030438
0.250000 0.159908 0.030448
0.254741 0.163506 0.030455
0.258890 0.166667 0.032429
0.266395 0.172404 0.032638
0.275000 0.178991 0.034030
0.277941 0.181373 0.034403
0.280353 0.183333 0.034641
0.289202 0.190532 0.034843
0.300000 0.199331 0.035355
0.300822 0.200000 0.035355
0.311709 0.208861 0.036730
0.321288 0.216667 0.036906
0.322961 0.218026 0.037923
0.325000 0.219683 0.038250
0.334539 0.226974 0.038760
0.342846 0.233333 0.038931
0.346186 0.235876 0.039668
0.350000 0.238781 0.039668
0.358116 0.244589 0.040654
0.365664 0.250000 0.040799
0.370180 0.253213 0.041576
0.375000 0.256643 0.041854
0.382510 0.261660 0.042435
0.389991 0.266667 0.042576
0.395009 0.269994 0.043301
0.400000 0.273304 0.043301
0.407783 0.278145 0.044057
0.416115 0.283333 0.044170
0.420730 0.286180 0.044816
0.425000 0.288813 0.045041
0.433992 0.294005 0.045526
0.444361 0.300000 0.045636
0.447395 0.301737 0.046194
0.450000 0.303228 0.046194
0.461184 0.309211 0.046796
0.475000 0.316608 0.046876
0.475050 0.316633 0.047444
0.475117 0.316667 0.047609
0.489402 0.323732 0.047898
0.500000 0.328977 0.047976
0.503867 0.330755 0.048296
0.509468 0.333333 0.048296
0.518688 0.337542 0.048735
0.525000 0.340423 0.048783
0.533790 0.344140 0.049240
0.547641 0.350000 0.049341
0.549088 0.350608 0.049422
0.550000 0.350991 0.049468
0.564865 0.356757 0.049572
0.575000 0.360687 0.049572
0.580846 0.362769 0.049757
0.591788 0.366667 0.049773
0.597148 0.368568 0.049983
0.600000 0.369577 0.050000

Course 39

0.000000 0.019342 0.007556
0.013623 0.024251 0.009445
0.025000 0.028284 0.010998
0.029805 0.030130 0.011708
0.038077 0.033333 0.012941
0.045566 0.036289 0.014039
0.050000 0.038014 0.014680
0.061015 0.042657 0.015493
0.075000 0.048557 0.016406
0.076294 0.049138 0.016761
0.078189 0.050000 0.018598
0.091113 0.055924 0.018802
0.100000 0.059995 0.018814
0.105778 0.062815 0.018924
0.113602 0.066667 0.019134
0.120134 0.069911 0.019134
0.125000 0.072325 0.021101
0.134212 0.077192 0.021219
0.145766 0.083333 0.022253
0.148112 0.084592 0.022652
0.150000 0.085605 0.023319
0.161637 0.092242 0.023644
0.175000 0.099903 0.025000
0.175076 0.099949 0.025000
0.175159 0.100000 0.025555
0.188085 0.107943 0.025910
0.200000 0.115299 0.026058
0.201037 0.115975 0.026846
0.202089 0.116667 0.027760
0.213595 0.124270 0.028434
0.225000 0.131840 0.029663
0.226092 0.132605 0.029993
0.227123 0.133333 0.030438
0.238209 0.141194 0.030438
0.250000 0.149588 0.030810
0.250290 0.149807 0.031108
0.250546 0.150000 0.032140
0.261982 0.158679 0.033067
0.272467 0.166667 0.033412
0.273647 0.167569 0.034278
0.275000 0.168604 0.035327
0.284975 0.176683 0.035340
0.293157 0.183333 0.035355
0.296239 0.185841 0.035355
0.300000 0.188905 0.036336
0.313632 0.200000 0.037130
0.318751 0.204166 0.037411
0.325000 0.209258 0.038308
0.330172 0.213218 0.039314
0.334663 0.216667 0.039489
0.341808 0.222128 0.039668
0.350000 0.228400 0.039668
0.353562 0.230959 0.040212
0.356856 0.233333 0.040687
0.365606 0.239596 0.041325
0.375000 0.246330 0.041950
0.377741 0.248172 0.042976
0.380452 0.250000 0.043143
0.390216 0.256523 0.043301
0.400000 0.263070 0.043301
0.402781 0.264812 0.043623
0.405733 0.266667 0.043926
0.415701 0.272866 0.044666
0.425000 0.278657 0.045062
0.428744 0.280837 0.046123
0.433021 0.283333 0.046160
0.442119 0.288587 0.046194
0.450000 0.293143 0.046194
0.455685 0.296210 0.046425
0.462694 0.300000 0.046657
0.469522 0.303652 0.047289
0.475000 0.306586 0.047506
0.483651 0.310900 0.048296
0.495196 0.316667 0.048296
0.497954 0.318031 0.048365
0.500000 0.319043 0.048445
0.512686 0.324876 0.048478
0.525000 0.330544 0.048674
0.527553 0.331631 0.049063
0.531542 0.333333 0.049154
0.542836 0.338109 0.049572
0.550000 0.341140 0.049572
0.558384 0.344411 0.049637
0.572696 0.350000 0.049661
0.574153 0.350565 0.049715
0.575000 0.350894 0.049762
0.590421 0.356386 0.049893
0.600000 0.359799 0.050000

Course 40

0.000000 0.010126 0.003965
0.006494 0.012337 0.004831
0.018777 0.016667 0.006526
0.022816 0.018122 0.007087
0.025000 0.018897 0.007385
0.038739 0.024174 0.009416
0.050000 0.028535 0.011094
0.054460 0.030360 0.011796
0.061544 0.033333 0.012941
0.069788 0.036808 0.014232
0.075000 0.039007 0.015049
0.084854 0.043431 0.016693
0.099289 0.050000 0.019132
0.099710 0.050193 0.019133
0.100000 0.050326 0.019134
0.114150 0.057233 0.019134
0.125000 0.062574 0.019202
0.128450 0.064366 0.019249
0.132812 0.066667 0.021186
0.142401 0.071733 0.021680
0.150000 0.075772 0.022288
0.156156 0.079229 0.023290
0.163379 0.083333 0.023560
0.169642 0.086905 0.024190
0.175000 0.089977 0.025000
0.182878 0.094748 0.025000
0.191465 0.100000 0.025425
0.195906 0.102729 0.025675
0.200000 0.105256 0.026653
0.208652 0.110898 0.027534
0.217423 0.116667 0.027971
0.221228 0.119181 0.029099
0.225000 0.121685 0.029153
0.233518 0.127655 0.029678
0.241559 0.133333 0.030438
0.245649 0.136234 0.030438
0.250000 0.139331 0.031492
0.257521 0.144986 0.031766
0.264147 0.150000 0.032398
0.269222 0.153852 0.032689
0.275000 0.158253 0.033806
0.280719 0.162854 0.033831
0.285432 0.166667 0.035355
0.292009 0.171994 0.035355
0.300000 0.178488 0.035867
0.305972 0.183333 0.036061
0.325000 0.198824 0.036254
0.326534 0.200000 0.036715
0.337457 0.208362 0.037783
0.348272 0.216667 0.038175
0.349077 0.217282 0.039668
0.350000 0.217989 0.039668
0.361077 0.225948 0.039705
0.371324 0.233333 0.039735
0.373097 0.234602 0.040216
0.375000 0.235967 0.040762
0.385482 0.243012 0.041400
0.395849 0.250000 0.042063
0.397922 0.251385 0.042913
0.400000 0.252776 0.043101
0.410741 0.259506 0.043301
0.422139 0.266667 0.043301
0.423619 0.267587 0.043805
0.425000 0.268447 0.044342
0.436919 0.275387 0.044544
0.450000 0.283023 0.045324
0.450257 0.283162 0.045712
0.450570 0.283333 0.045954
0.464072 0.290619 0.046194
0.475000 0.296527 0.046194
0.477969 0.298021 0.046680
0.481893 0.300000 0.047075
0.492251 0.305166 0.047235
0.500000 0.309036 0.047815
0.506751 0.312166 0.047964
0.516437 0.316667 0.048136
0.521505 0.318997 0.048296
0.525000 0.320605 0.048296
0.536649 0.325567 0.048704
0.550000 0.331264 0.048862
0.551953 0.332031 0.049201
0.555259 0.333333 0.049471
0.567712 0.338192 0.049525
0.575000 0.341038 0.049572
0.583743 0.344171 0.049572
0.599986 0.350000 0.049785
0.599995 0.350003 0.049970
0.600000 0.350005 0.050000

Course 41

0.000000 0.000999 0.000391
0.015556 0.006296 0.002465
0.025000 0.009625 0.003769
0.031832 0.012112 0.004743
0.043633 0.016667 0.006526
0.047672 0.018218 0.007124
0.050000 0.019120 0.007470
0.063212 0.024525 0.009551
0.075000 0.029474 0.011455
0.078493 0.031005 0.012045
0.083634 0.033333 0.012941
0.093414 0.037724 0.014573
0.100000 0.040722 0.015686
0.108100 0.044600 0.017128
0.119140 0.050000 0.019134
0.122523 0.051651 0.019715
0.125000 0.052870 0.020144
0.136631 0.058913 0.022271
0.150000 0.065964 0.022605
0.150576 0.066283 0.023443
0.151258 0.066667 0.024753
0.164145 0.073903 0.024865
0.175000 0.080071 0.025000
0.177581 0.081613 0.025000
0.180420 0.083333 0.025461
0.190680 0.089547 0.025710
0.200000 0.095247 0.027361
0.203628 0.097581 0.027466
0.207339 0.100000 0.028920
0.216267 0.105822 0.029374
0.225000 0.111565 0.029513
0.228754 0.114164 0.029877
0.232329 0.116667 0.030438
0.240943 0.122704 0.030438
0.250000 0.129100 0.031525
0.253001 0.131333 0.032226
0.255665 0.133333 0.032271
0.264752 0.140165 0.033511
0.275000 0.147921 0.033953
0.276420 0.149053 0.034642
0.277597 0.150000 0.035355
0.287749 0.158167 0.035355
0.298255 0.166667 0.035508
0.299043 0.167305 0.035615
0.300000 0.168082 0.036862
0.318799 0.183333 0.037361
0.325000 0.188382 0.038348
0.340162 0.200000 0.038874
0.344741 0.203506 0.039020
0.350000 0.207544 0.039229
0.356580 0.212280 0.039668
0.362649 0.216667 0.039668
0.368593 0.220938 0.040932
0.375000 0.225556 0.040984
0.380797 0.229468 0.041964
0.386500 0.233333 0.042378
0.393223 0.237851 0.042588
0.400000 0.242420 0.042865
0.405844 0.246104 0.043301
0.412000 0.250000 0.043301
0.418701 0.254199 0.044087
0.425000 0.258156 0.044487
0.431790 0.262140 0.044778
0.439476 0.266667 0.045465
0.445094 0.269938 0.045833
0.450000 0.272801 0.046030
0.458698 0.277535 0.046194
0.469320 0.283333 0.046194
0.472459 0.285027 0.046685
0.475000 0.286401 0.047150
0.486626 0.292249 0.047224
0.500000 0.298996 0.047726
0.500885 0.299410 0.048296
0.502143 0.300000 0.048296
0.515625 0.306250 0.048345
0.525000 0.310606 0.048405
0.530528 0.312981 0.048592
0.539085 0.316667 0.048892
0.545745 0.319503 0.049245
0.550000 0.321319 0.049572
0.561337 0.325775 0.049572
0.575000 0.331157 0.049685
0.577118 0.331921 0.049702
0.581019 0.333333 0.049806
0.593364 0.337757 0.049910
0.600000 0.340138 0.050000

Course 42

0.023867 0.000000 0.000000
0.024617 0.000255 0.000100
0.025000 0.000390 0.000153
0.040792 0.006138 0.002404
0.050000 0.009692 0.003795
0.056563 0.012291 0.004813
0.067017 0.016667 0.006526
0.071964 0.018691 0.007305
0.075000 0.019965 0.007796
0.087098 0.025268 0.009837
0.100000 0.031112 0.012086
0.101951 0.032032 0.012440
0.104623 0.033333 0.012941
0.116482 0.039012 0.015051
0.125000 0.043178 0.016599
0.130789 0.046141 0.017700
0.138153 0.050000 0.019134
0.144811 0.053459 0.020352
0.150000 0.056196 0.021315
0.158582 0.060946 0.022986
0.168731 0.066667 0.025000
0.172134 0.068577 0.025623
0.175000 0.070206 0.026008
0.185387 0.076409 0.026155
0.196810 0.083333 0.027567
0.198482 0.084346 0.028179
0.200000 0.085274 0.028957
0.211240 0.092507 0.029507
0.222740 0.100000 0.030438
0.223882 0.100745 0.030438
0.225000 0.101480 0.030737
0.236174 0.109217 0.031011
0.246817 0.116667 0.031428
0.248369 0.117754 0.032016
0.250000 0.118906 0.033145
0.260227 0.126516 0.033327
0.269308 0.133333 0.035188
0.271983 0.135345 0.035257
0.275000 0.137628 0.035355
0.283448 0.144368 0.035355
0.290453 0.150000 0.035548
0.294779 0.153480 0.035738
0.300000 0.157704 0.037050
0.311107 0.166667 0.037740
0.325000 0.177943 0.038238
0.332054 0.183333 0.038854
0.350000 0.197089 0.039668
0.354037 0.200000 0.039668
0.364117 0.207255 0.039905
0.375000 0.215122 0.040156
0.376150 0.215900 0.040551
0.377279 0.216667 0.041223
0.388570 0.224287 0.041815
0.400000 0.232033 0.042159
0.401001 0.232666 0.043301
0.402049 0.233333 0.043301
0.413845 0.240770 0.043650
0.425000 0.247830 0.043694
0.426726 0.248849 0.044018
0.428666 0.250000 0.044047
0.440013 0.256658 0.045038
0.450000 0.262538 0.045217
0.453397 0.264402 0.046194
0.457510 0.266667 0.046194
0.467139 0.271907 0.046339
0.475000 0.276198 0.046468
0.481077 0.279282 0.046633
0.489031 0.283333 0.047166
0.495283 0.286478 0.047358
0.500000 0.288858 0.048296
0.509822 0.293452 0.048296
0.523777 0.300000 0.048347
0.524498 0.300334 0.048396
0.525000 0.300568 0.048989
0.539686 0.306876 0.049160
0.550000 0.311318 0.049572
0.555030 0.313313 0.049572
0.563465 0.316667 0.049592
0.570721 0.319519 0.049612
0.575000 0.321204 0.049814
0.586802 0.325466 0.049925
0.600000 0.330243 0.050000

Course 43

0.049300 0.000000 0.000000
0.049753 0.000165 0.000065
0.050000 0.000260 0.000102
0.065439 0.006374 0.002496
0.075000 0.010376 0.004063
0.080723 0.012851 0.005032
0.089166 0.016667 0.006526
0.095702 0.019532 0.007629
0.100000 0.021478 0.008378
0.110415 0.026390 0.010269
0.124676 0.033333 0.012941
0.124864 0.033424 0.012975
0.125000 0.033490 0.012999
0.139009 0.040661 0.015664
0.150000 0.046420 0.017804
0.152946 0.048036 0.018404
0.156454 0.050000 0.019134
0.166587 0.055609 0.021108
0.175000 0.060351 0.022777
0.180023 0.063318 0.023821
0.185593 0.066667 0.025000
0.193192 0.071205 0.026481
0.200000 0.075332 0.027827
0.206142 0.079239 0.029102
0.212483 0.083333 0.029258
0.218852 0.087432 0.029674
0.225000 0.091438 0.030438
0.231336 0.095776 0.030438
0.237427 0.100000 0.031482
0.243594 0.104271 0.031647
0.250000 0.108754 0.032053
0.255639 0.112907 0.032829
0.260690 0.116667 0.033287
0.267452 0.121698 0.034109
0.275000 0.127365 0.034981
0.279095 0.130603 0.035128
0.282517 0.133333 0.035355
0.290476 0.139683 0.035355
0.300000 0.147339 0.036460
0.303320 0.150000 0.036857
0.319037 0.162691 0.037620
0.323963 0.166667 0.037833
0.325000 0.167508 0.038591
0.345711 0.183333 0.038695
0.350000 0.186621 0.039668
0.368556 0.200000 0.039668
0.371654 0.202230 0.040263
0.375000 0.204649 0.040685
0.383950 0.210700 0.040765
0.392730 0.216667 0.041818
0.396343 0.219105 0.042000
0.400000 0.221583 0.042706
0.409040 0.227307 0.043301
0.418512 0.233333 0.043301
0.421846 0.235436 0.043371
0.425000 0.237432 0.043425
0.434997 0.243335 0.044403
0.446234 0.250000 0.044678
0.448237 0.251175 0.045732
0.450000 0.252214 0.045810
0.461894 0.258737 0.045990
0.475000 0.265955 0.046194
0.475604 0.266264 0.046194
0.476388 0.266667 0.047035
0.489795 0.273470 0.047779
0.500000 0.278668 0.047795
0.504097 0.280602 0.048031
0.509863 0.283333 0.048296
0.518759 0.287494 0.048296
0.525000 0.290423 0.048361
0.533705 0.294197 0.048758
0.547048 0.300000 0.049196
0.548843 0.300771 0.049386
0.550000 0.301269 0.049572
0.564483 0.307012 0.049572
0.575000 0.311194 0.049657
0.580309 0.313127 0.049725
0.589996 0.316667 0.049881
0.596485 0.319010 0.049943
0.600000 0.320282 0.050000

Course 44

0.073160 0.000000 0.000000
0.074314 0.000457 0.000179
0.075000 0.000744 0.000291
0.089486 0.007009 0.002745
0.100000 0.011760 0.004605
0.104311 0.013792 0.005401
0.110225 0.016667 0.006526
0.118878 0.020748 0.008097
0.125000 0.023728 0.009244
0.133175 0.027883 0.010843
0.143620 0.033333 0.012941
0.147229 0.035181 0.013627
0.150000 0.036633 0.014167
0.161003 0.042664 0.016408
0.174102 0.050000 0.019134
0.174593 0.050272 0.019230
0.175000 0.050501 0.019311
0.187857 0.058096 0.021983
0.200000 0.065397 0.024553
0.200978 0.066015 0.024770
0.201997 0.066667 0.025000
0.213768 0.074155 0.027443
0.225000 0.081408 0.029810
0.226431 0.082379 0.030127
0.227820 0.083333 0.030438
0.238761 0.090826 0.032331
0.250000 0.098619 0.032649
0.250988 0.099341 0.033402
0.251882 0.100000 0.034948
0.262865 0.108090 0.035021
0.274390 0.116667 0.035146
0.274678 0.116881 0.035161
0.275000 0.117123 0.035355
0.286122 0.125919 0.035355
0.295417 0.133333 0.036791
0.297503 0.134998 0.037449
0.300000 0.137005 0.037653
0.316218 0.150000 0.038448
0.325000 0.157091 0.039668
0.337594 0.166667 0.039668
0.350000 0.176150 0.039714
0.359988 0.183333 0.039767
0.375000 0.194160 0.040075
0.383615 0.200000 0.040343
0.391750 0.205500 0.041572
0.400000 0.211107 0.041685
0.404273 0.213818 0.042920
0.408738 0.216667 0.043085
0.417078 0.221948 0.043301
0.425000 0.226988 0.043301
0.430037 0.229976 0.043590
0.435668 0.233333 0.043938
0.443268 0.237821 0.044387
0.450000 0.241814 0.045220
0.456716 0.245523 0.045661
0.464789 0.250000 0.046194
0.470391 0.253073 0.046194
0.475000 0.255611 0.046759
0.484383 0.260412 0.047088
0.496558 0.266667 0.047227
0.498512 0.267658 0.047730
0.500000 0.268416 0.048296
0.513101 0.274599 0.048296
0.525000 0.280236 0.048553
0.527805 0.281464 0.048782
0.532063 0.283333 0.049022
0.542932 0.288045 0.049168
0.550000 0.291120 0.049572
0.558324 0.294451 0.049572
0.572143 0.300000 0.049645
0.573935 0.300710 0.049715
0.575000 0.301134 0.049850
0.590067 0.306622 0.049859
0.600000 0.310251 0.050000

Course 45

0.095550 0.000000 0.000000
0.098249 0.001167 0.000457
0.100000 0.001958 0.000767
0.112925 0.008050 0.003152
0.125000 0.013919 0.005450
0.127332 0.015112 0.005918
0.130315 0.016667 0.006526
0.141484 0.022344 0.008711
0.150000 0.026787 0.010421
0.155391 0.029740 0.011558
0.161836 0.033333 0.012941
0.169060 0.037293 0.014412
0.175000 0.040620 0.015649
0.182478 0.045015 0.017282
0.190826 0.050000 0.019134
0.195690 0.052873 0.020145
0.200000 0.055465 0.021057
0.208630 0.060913 0.022975
0.217615 0.066667 0.025000
0.221394 0.069071 0.025784
0.225000 0.071399 0.026544
0.233869 0.077421 0.028509
0.242474 0.083333 0.030438
0.246187 0.085876 0.031188
0.250000 0.088520 0.031968
0.258218 0.094521 0.033739
0.265649 0.100000 0.035302
0.270091 0.103272 0.035321
0.275000 0.106925 0.035355
0.281713 0.112191 0.035355
0.287374 0.116667 0.036202
0.293149 0.121234 0.036861
0.300000 0.126699 0.037147
0.308348 0.133333 0.037692
0.325000 0.146687 0.038434
0.329387 0.150000 0.038510
0.350000 0.165679 0.039668
0.351379 0.166667 0.039668
0.368815 0.179210 0.039994
0.374548 0.183333 0.040192
0.375000 0.183659 0.040663
0.399105 0.200000 0.041427
0.399550 0.200300 0.041855
0.400000 0.200606 0.042581
0.412343 0.208438 0.042880
0.425000 0.216513 0.043301
0.425122 0.216585 0.043301
0.425258 0.216667 0.044172
0.438349 0.224434 0.044793
0.450000 0.231380 0.045403
0.451599 0.232267 0.045619
0.453512 0.233333 0.046194
0.465265 0.239823 0.046194
0.475000 0.245223 0.046534
0.479042 0.247305 0.046797
0.484250 0.250000 0.047478
0.493161 0.254559 0.048172
0.500000 0.258072 0.048296
0.507521 0.261652 0.048296
0.518015 0.266667 0.048378
0.522105 0.268597 0.048446
0.525000 0.269969 0.048978
0.537103 0.275264 0.049257
0.550000 0.280928 0.049572
0.552247 0.281835 0.049572
0.555942 0.283333 0.049574
0.567851 0.288099 0.049576
0.575000 0.290970 0.049581
0.583729 0.294180 0.049783
0.599504 0.300000 0.049984
0.599825 0.300117 0.049992
0.600000 0.300181 0.050000

Course 46

0.116641 0.000000 0.000000
0.121538 0.002308 0.000904
0.125000 0.003991 0.001563
0.135757 0.009495 0.003718
0.149524 0.016667 0.006526
0.149794 0.016804 0.006579
0.150000 0.016912 0.006621
0.163522 0.024318 0.009471
0.175000 0.030718 0.011934
0.177082 0.031945 0.012407
0.179419 0.033333 0.012941
0.190357 0.039762 0.015330
0.200000 0.045521 0.017470
0.203454 0.047697 0.018279
0.207076 0.050000 0.019134
0.216282 0.055812 0.021180
0.225000 0.061395 0.023145
0.228927 0.064049 0.024079
0.232771 0.066667 0.025000
0.241307 0.072462 0.026891
0.250000 0.078435 0.028840
0.253517 0.080988 0.029673
0.256728 0.083333 0.030438
0.265448 0.089701 0.032317
0.275000 0.096744 0.034395
0.277252 0.098499 0.034912
0.279169 0.100000 0.035355
0.288740 0.107507 0.037298
0.300000 0.116410 0.037944
0.300326 0.116667 0.038558
0.302014 0.118009 0.039601
0.321295 0.133333 0.039668
0.325000 0.136304 0.039668
0.343135 0.150000 0.039960
0.350000 0.155222 0.040027
0.365987 0.166667 0.040228
0.375000 0.173150 0.041390
0.390056 0.183333 0.042434
0.400000 0.190075 0.042778
0.415593 0.200000 0.043301
0.420412 0.203058 0.043301
0.425000 0.205985 0.043817
0.433467 0.211022 0.044037
0.442912 0.216667 0.044523
0.446662 0.218892 0.045221
0.450000 0.220882 0.046194
0.460193 0.226538 0.046194
0.472383 0.233333 0.046364
0.473814 0.234124 0.046486
0.475000 0.234781 0.046853
0.487876 0.241416 0.047277
0.500000 0.247688 0.048114
0.502017 0.248656 0.048197
0.504811 0.250000 0.048296
0.516590 0.255607 0.048296
0.525000 0.259625 0.048793
0.531355 0.262430 0.048817
0.540920 0.266667 0.049250
0.546402 0.269065 0.049402
0.550000 0.270645 0.049572
0.561850 0.275433 0.049572
0.575000 0.280764 0.049717
0.577476 0.281683 0.049745
0.581908 0.283333 0.049846
0.593568 0.287621 0.049922
0.600000 0.289994 0.050000

Course 47

0.136605 0.000000 0.000000
0.144183 0.003878 0.001518
0.150000 0.006908 0.002705
0.158000 0.011334 0.004438
0.167582 0.016667 0.006526
0.171654 0.018897 0.007385
0.175000 0.020763 0.008103
0.185007 0.026662 0.010373
0.196235 0.033333 0.012941
0.198236 0.034509 0.013378
0.200000 0.035563 0.013769
0.211132 0.042579 0.016376
0.222808 0.050000 0.019134
0.223934 0.050711 0.019384
0.225000 0.051394 0.019625
0.236377 0.059082 0.022331
0.247513 0.066667 0.025000
0.248745 0.067503 0.025273
0.250000 0.068365 0.025554
0.260748 0.076168 0.028100
0.270558 0.083333 0.030438
0.272678 0.084882 0.030895
0.275000 0.086594 0.031400
0.284273 0.093818 0.033531
0.292167 0.100000 0.035355
0.295766 0.102823 0.036086
0.300000 0.106171 0.036952
0.313322 0.116667 0.039668
0.325000 0.125955 0.040446
0.334847 0.133333 0.041469
0.350000 0.144782 0.041693
0.357337 0.150000 0.042472
0.375000 0.162647 0.042786
0.380970 0.166667 0.043301
0.400000 0.179539 0.043301
0.405974 0.183333 0.043987
0.425000 0.195443 0.044407
0.432637 0.200000 0.045120
0.441813 0.205458 0.045288
0.450000 0.210351 0.046194
0.455162 0.213225 0.046194
0.461321 0.216667 0.046252
0.468786 0.220809 0.046290
0.475000 0.224273 0.047131
0.482647 0.228235 0.047789
0.492454 0.233333 0.047805
0.496710 0.235526 0.048020
0.500000 0.237228 0.048296
0.511142 0.242572 0.048296
0.525000 0.249239 0.048687
0.525684 0.249544 0.048990
0.526708 0.250000 0.049255
0.540721 0.256186 0.049282
0.550000 0.260295 0.049572
0.555930 0.262713 0.049572
0.565602 0.266667 0.049661
0.571453 0.269031 0.049734
0.575000 0.270469 0.049860
0.587393 0.275071 0.049883
0.600000 0.279765 0.050000

Course 48

0.155601 0.000000 0.000000
0.166203 0.005865 0.002297
0.175000 0.010761 0.004214
0.179678 0.013548 0.005305
0.184939 0.016667 0.006526
0.192933 0.021378 0.008340
0.200000 0.025578 0.009956
0.205967 0.029355 0.011410
0.212263 0.033333 0.012941
0.218810 0.037460 0.014474
0.225000 0.041394 0.015936
0.231411 0.045726 0.017546
0.237737 0.050000 0.019134
0.243827 0.054115 0.020583
0.250000 0.058320 0.022062
0.256001 0.062666 0.023592
0.261530 0.066667 0.025000
0.267978 0.071348 0.026527
0.275000 0.076477 0.028201
0.279755 0.080164 0.029404
0.283844 0.083333 0.030438
0.291294 0.089138 0.032151
0.300000 0.095955 0.034162
0.305178 0.100000 0.035355
0.325000 0.115626 0.039398
0.326402 0.116667 0.039668
0.337685 0.125123 0.041511
0.348642 0.133333 0.042692
0.350000 0.134359 0.042910
0.371991 0.150000 0.043301
0.375000 0.152154 0.043301
0.396553 0.166667 0.043479
0.400000 0.168998 0.044030
0.422568 0.183333 0.044440
0.425000 0.184881 0.045107
0.447137 0.198091 0.046194
0.450000 0.199799 0.046194
0.450359 0.200000 0.046202
0.463786 0.207476 0.046206
0.475000 0.213741 0.046466
0.477466 0.215023 0.047044
0.480621 0.216667 0.047611
0.491526 0.222316 0.047898
0.500000 0.226722 0.048296
0.505754 0.229497 0.048296
0.513690 0.233333 0.048475
0.520268 0.236488 0.048590
0.525000 0.238765 0.048802
0.535108 0.243262 0.049140
0.550000 0.249902 0.049572
0.550091 0.249939 0.049572
0.550239 0.250000 0.049612
0.565603 0.256265 0.049614
0.575000 0.260106 0.049647
0.581299 0.262467 0.049808
0.592484 0.266667 0.049951
0.597311 0.268459 0.049995
0.600000 0.269460 0.050000

Course 49

0.173690 0.000000 0.000000
0.174406 0.000396 0.000155
0.175000 0.000727 0.000285
0.187627 0.008249 0.003230
0.200000 0.015583 0.006102
0.200830 0.016114 0.006310
0.201708 0.016667 0.006526
0.213655 0.024230 0.009437
0.225000 0.031398 0.012196
0.226439 0.032374 0.012572
0.227869 0.033333 0.012941
0.238860 0.040760 0.015701
0.250000 0.048286 0.018497
0.251232 0.049179 0.018829
0.252377 0.050000 0.019134
0.263220 0.057853 0.021898
0.275000 0.066377 0.024898
0.275201 0.066533 0.024953
0.275376 0.066667 0.025000
0.286759 0.075494 0.027880
0.296872 0.083333 0.030438
0.298314 0.084457 0.030770
0.300000 0.085777 0.031159
0.318208 0.100000 0.035355
0.325000 0.105354 0.036741
0.340228 0.116667 0.039668
0.350000 0.123990 0.041264
0.363240 0.133333 0.043301
0.375000 0.141699 0.044618
0.387409 0.150000 0.044753
0.400000 0.158478 0.045186
0.412949 0.166667 0.046194
0.425000 0.174321 0.046194
0.440135 0.183333 0.046218
0.450000 0.189219 0.046232
0.469311 0.200000 0.047020
0.472411 0.201726 0.047263
0.475000 0.203173 0.047529
0.486371 0.209086 0.047836
0.500000 0.216185 0.048296
0.500418 0.216388 0.048296
0.500994 0.216667 0.048529
0.514922 0.223385 0.048685
0.525000 0.228257 0.048882
0.529555 0.230296 0.049058
0.536336 0.233333 0.049572
0.544531 0.236979 0.049572
0.550000 0.239418 0.049579
0.559818 0.243454 0.049585
0.575000 0.249702 0.049723
0.575286 0.249810 0.049767
0.575790 0.250000 0.049919
0.591287 0.255809 0.049956
0.600000 0.259080 0.050000

Course 50

0.190623 0.000000 0.000000
0.195575 0.002950 0.001155
0.200000 0.005573 0.002182
0.208496 0.011003 0.004308
0.217493 0.016667 0.006526
0.221344 0.019104 0.007464
0.225000 0.021415 0.008354
0.233862 0.027426 0.010667
0.242667 0.033333 0.012941
0.246309 0.035794 0.013855
0.250000 0.038288 0.014782
0.258419 0.044387 0.017049
0.266242 0.050000 0.019134
0.270440 0.053040 0.020204
0.275000 0.056340 0.021366
0.282172 0.061885 0.023317
0.288402 0.066667 0.025000
0.293764 0.070824 0.026357
0.300000 0.075659 0.027934
0.309905 0.083333 0.030438
0.325000 0.095126 0.033917
0.331619 0.100000 0.035355
0.350000 0.113654 0.038888
0.354307 0.116667 0.039668
0.375000 0.131269 0.042851
0.378110 0.133333 0.043301
0.400000 0.147977 0.045843
0.403220 0.150000 0.046194
0.425000 0.163772 0.046363
0.429883 0.166667 0.047062
0.450000 0.178646 0.047554
0.458416 0.183333 0.047838
0.475000 0.192591 0.047931
0.489222 0.200000 0.048296
0.495277 0.203149 0.048296
0.500000 0.205609 0.048505
0.509607 0.210262 0.048635
0.522832 0.216667 0.049012
0.524090 0.217274 0.049213
0.525000 0.217714 0.049492
0.539017 0.223989 0.049526
0.550000 0.228908 0.049572
0.554095 0.230603 0.049572
0.560701 0.233333 0.049737
0.569545 0.236970 0.049810
0.575000 0.239214 0.049856
0.585325 0.243117 0.049919
0.600000 0.248662 0.050000

Course 51

0.206944 0.000000 0.000000
0.216163 0.005892 0.002307
0.225000 0.011455 0.004486
0.228861 0.014092 0.005518
0.232719 0.016667 0.006526
0.241284 0.022477 0.008763
0.250000 0.028324 0.011013
0.253597 0.030935 0.012018
0.256962 0.033333 0.012941
0.265606 0.039596 0.015268
0.275000 0.046336 0.017773
0.277548 0.048301 0.018503
0.279781 0.050000 0.019134
0.289143 0.057238 0.021682
0.300000 0.065571 0.024614
0.301425 0.066667 0.025000
0.310235 0.073490 0.027226
0.322938 0.083333 0.030438
0.325000 0.084944 0.030913
0.345447 0.100000 0.035355
0.350000 0.103382 0.036230
0.368992 0.116667 0.039668
0.375000 0.120907 0.040592
0.393726 0.133333 0.043301
0.400000 0.137531 0.044030
0.419851 0.150000 0.046194
0.425000 0.153256 0.046605
0.447626 0.166667 0.047685
0.450000 0.168080 0.047906
0.462894 0.175263 0.048296
0.475000 0.182007 0.048296
0.477552 0.183333 0.048405
0.500000 0.195029 0.048522
0.510256 0.200000 0.048651
0.518796 0.204136 0.048954
0.525000 0.207141 0.049003
0.533533 0.210978 0.049442
0.546212 0.216667 0.049471
0.548478 0.217681 0.049495
0.550000 0.218363 0.049572
0.563854 0.224097 0.049572
0.575000 0.228704 0.049718
0.579420 0.230387 0.049817
0.587187 0.233333 0.049872
0.595364 0.236424 0.049894
0.600000 0.238176 0.050000

Course 52

0.222608 0.000000 0.000000
0.223829 0.000781 0.000306
0.225000 0.001518 0.000594
0.236225 0.009184 0.003596
0.247437 0.016667 0.006526
0.248707 0.017529 0.006858
0.250000 0.018396 0.007192
0.260728 0.026182 0.010188
0.270763 0.033333 0.012941
0.272793 0.034804 0.013488
0.275000 0.036388 0.014076
0.284467 0.043689 0.016789
0.292763 0.050000 0.019134
0.296114 0.052591 0.020046
0.300000 0.055573 0.021096
0.314421 0.066667 0.025000
0.325000 0.074860 0.027673
0.336606 0.083333 0.030438
0.350000 0.093193 0.033347
0.359821 0.100000 0.035355
0.375000 0.110616 0.038102
0.384202 0.116667 0.039668
0.400000 0.127151 0.041953
0.409926 0.133333 0.043301
0.425000 0.142803 0.044945
0.437227 0.150000 0.046194
0.450000 0.157572 0.047149
0.466409 0.166667 0.048296
0.475000 0.171453 0.048663
0.497863 0.183333 0.048730
0.500000 0.184447 0.049035
0.506116 0.187411 0.049458
0.525000 0.196568 0.049501
0.532640 0.200000 0.049572
0.543007 0.204662 0.049572
0.550000 0.207799 0.049601
0.558192 0.211205 0.049677
0.571380 0.216667 0.049712
0.573613 0.217591 0.049800
0.575000 0.218164 0.049880
0.589483 0.223678 0.049912
0.600000 0.227668 0.050000

Course 53

0.237328 0.000000 0.000000
0.243588 0.004275 0.001674
0.250000 0.008555 0.003350
0.255828 0.012782 0.005005
0.261297 0.016667 0.006526
0.267858 0.021428 0.008359
0.275000 0.026518 0.010318
0.279750 0.030166 0.011722
0.283938 0.033333 0.012941
0.291385 0.039077 0.015075
0.300000 0.045630 0.017510
0.305716 0.050000 0.019134
0.325000 0.064821 0.024350
0.327548 0.066667 0.025000
0.350000 0.083049 0.030345
0.350414 0.083333 0.030438
0.360926 0.090617 0.032587
0.374464 0.100000 0.035355
0.375000 0.100375 0.035452
0.399776 0.116667 0.039668
0.400000 0.116815 0.039700
0.403398 0.118932 0.040162
0.425000 0.132392 0.043096
0.426613 0.133333 0.043301
0.450000 0.147105 0.045692
0.455262 0.150000 0.046194
0.475000 0.160947 0.047575
0.486068 0.166667 0.048296
0.500000 0.173911 0.048851
0.519500 0.183333 0.049536
0.525000 0.186000 0.049549
0.537268 0.191512 0.049572
0.550000 0.197238 0.049572
0.556657 0.200000 0.049641
0.567954 0.204697 0.049720
0.575000 0.207615 0.049782
0.583622 0.210918 0.049805
0.598750 0.216667 0.049879
0.599546 0.216969 0.049929
0.600000 0.217142 0.050000

Course 54

0.251749 0.000000 0.000000
0.262884 0.008077 0.003163
0.274977 0.016667 0.006526
0.274988 0.016675 0.006529
0.275000 0.016683 0.006533
0.286605 0.025596 0.009963
0.296837 0.033333 0.012941
0.298304 0.034464 0.013361
0.300000 0.035755 0.013841
0.318631 0.050000 0.019134
0.325000 0.054895 0.020857
0.341252 0.066667 0.025000
0.350000 0.073050 0.027083
0.364973 0.083333 0.030438
0.375000 0.090281 0.032488
0.389923 0.100000 0.035355
0.400000 0.106627 0.037070
0.416273 0.116667 0.039668
0.425000 0.122105 0.040853
0.444246 0.133333 0.043301
0.450000 0.136722 0.043889
0.474135 0.150000 0.046194
0.475000 0.150480 0.046254
0.478202 0.152134 0.046463
0.500000 0.163413 0.047886
0.506772 0.166667 0.048296
0.525000 0.175485 0.048971
0.542529 0.183333 0.049572
0.550000 0.186693 0.049658
0.563345 0.192230 0.049801
0.575000 0.197072 0.049830
0.582664 0.200000 0.049892
0.593673 0.204218 0.049925
0.600000 0.206622 0.050000

Course 55

0.265291 0.000000 0.000000
0.269941 0.003373 0.001321
0.275000 0.006966 0.002728
0.281793 0.012138 0.004753
0.287784 0.016667 0.006526
0.293461 0.021026 0.008204
0.300000 0.025971 0.010107
0.309677 0.033333 0.012941
0.325000 0.045037 0.017290
0.331898 0.050000 0.019134
0.350000 0.063104 0.023746
0.355230 0.066667 0.025000
0.375000 0.080242 0.029430
0.379790 0.083333 0.030438
0.400000 0.096497 0.034322
0.405733 0.100000 0.035355
0.425000 0.111893 0.038432
0.433262 0.116667 0.039668
0.450000 0.126439 0.041798
0.462643 0.133333 0.043301
0.475000 0.140138 0.044482
0.494227 0.150000 0.046194
0.500000 0.152987 0.046571
0.516040 0.160693 0.047543
0.525000 0.165005 0.048087
0.528734 0.166667 0.048296
0.550000 0.176204 0.049026
0.567252 0.183333 0.049572
0.575000 0.186552 0.049655
0.586309 0.190873 0.049766
0.600000 0.196109 0.049900

Course 56

0.278613 0.000000 0.000000
0.288598 0.007601 0.002977
0.300000 0.016221 0.006352
0.300588 0.016667 0.006526
0.304772 0.019848 0.007751
0.322497 0.033333 0.012941
0.325000 0.035245 0.013651
0.345507 0.050000 0.019134
0.350000 0.053253 0.020279
0.369691 0.066667 0.025000
0.375000 0.070312 0.026190
0.395180 0.083333 0.030438
0.400000 0.086473 0.031364
0.422140 0.100000 0.035355
0.425000 0.101765 0.035812
0.444866 0.113244 0.038782
0.450000 0.116213 0.039550
0.450841 0.116667 0.039668
0.475000 0.129853 0.042542
0.481846 0.133333 0.043301
0.500000 0.142656 0.044919
0.515400 0.150000 0.046194
0.525000 0.154619 0.046777
0.545852 0.163901 0.047947
0.550000 0.165751 0.048181
0.552228 0.166667 0.048296
0.575000 0.176097 0.049018
0.594056 0.183333 0.049572
0.600000 0.185607 0.049631

Course 57

0.291376 0.000000 0.000000
0.295403 0.003065 0.001200
0.300000 0.006540 0.002561
0.313350 0.016667 0.006526
0.325000 0.025525 0.009936
0.335901 0.033333 0.012941
0.350000 0.043474 0.016709
0.359641 0.050000 0.019134
0.375000 0.060462 0.022816
0.384693 0.066667 0.025000
0.400000 0.076545 0.028223
0.411211 0.083333 0.030438
0.425000 0.091761 0.032925
0.439396 0.100000 0.035355
0.450000 0.106131 0.036942
0.469507 0.116667 0.039668
0.475000 0.119665 0.040321
0.493941 0.129294 0.042421
0.500000 0.132379 0.043093
0.502019 0.133333 0.043301
0.525000 0.144310 0.045206
0.537877 0.150000 0.046194
0.550000 0.155407 0.046876
0.571140 0.164093 0.047972
0.575000 0.165683 0.048172
0.577605 0.166667 0.048296
0.600000 0.175192 0.048949

Course 58

0.304119 0.000000 0.000000
0.325000 0.015828 0.006198
0.326173 0.016667 0.006526
0.342026 0.028017 0.010895
0.349447 0.033333 0.012941
0.350000 0.033731 0.013089
0.374034 0.050000 0.019134
0.375000 0.050658 0.019366
0.399807 0.066538 0.024955
0.400000 0.066662 0.024998
0.400008 0.066667 0.025000
0.425000 0.081807 0.029940
0.427692 0.083333 0.030438
0.450000 0.096111 0.034208
0.457270 0.100000 0.035355
0.475000 0.109586 0.037836
0.489059 0.116667 0.039668
0.500000 0.122237 0.040882
0.523473 0.133333 0.043301
0.525000 0.134062 0.043428
0.528244 0.135496 0.043677
0.550000 0.145132 0.045349
0.561934 0.150000 0.046194
0.575000 0.155382 0.046873
0.593608 0.162406 0.047759
0.600000 0.164825 0.048064

Course 59

0.316819 0.000000 0.000000
0.325000 0.006202 0.002428
0.339640 0.016667 0.006526
0.350000 0.024084 0.009381
0.363722 0.033333 0.012941
0.375000 0.040967 0.015778
0.389199 0.050000 0.019134
0.400000 0.056916 0.021568
0.416232 0.066667 0.025000
0.425000 0.071978 0.026733
0.445021 0.083333 0.030438
0.450000 0.086185 0.031279
0.471651 0.097767 0.034697
0.475000 0.099562 0.035226
0.475878 0.100000 0.035355
0.500000 0.112172 0.038505
0.509598 0.116667 0.039668
0.525000 0.123963 0.041258
0.546389 0.133333 0.043301
0.550000 0.134933 0.043579
0.556179 0.137453 0.044016
0.575000 0.145152 0.045353
0.587942 0.150000 0.046194
0.600000 0.154565 0.046770

Course 60

0.329745 0.000000 0.000000
0.350000 0.014469 0.005666
0.353268 0.016667 0.006526
0.375000 0.031313 0.012163
0.378190 0.033333 0.012941
0.400000 0.047214 0.018099
0.404668 0.050000 0.019134
0.425000 0.062225 0.023437
0.432893 0.066667 0.025000
0.450000 0.076382 0.028170
0.463112 0.083333 0.030438
0.475000 0.089704 0.032318
0.495640 0.100000 0.035355
0.500000 0.102200 0.035925
0.511090 0.107393 0.037268
0.525000 0.113924 0.038958
0.531320 0.116667 0.039668
0.550000 0.124873 0.041457
0.570926 0.133333 0.043301
0.575000 0.135000 0.043591
0.580706 0.137138 0.043962
0.600000 0.144391 0.045220

Course 61

0.343081 0.000000 0.000000
0.350000 0.004942 0.001935
0.367435 0.016667 0.006526
0.375000 0.021765 0.008489
0.393265 0.033333 0.012941
0.400000 0.037620 0.014534
0.420740 0.050000 0.019134
0.425000 0.052561 0.020036
0.449634 0.066422 0.024914
0.450000 0.066629 0.024987
0.450072 0.066667 0.025000
0.475000 0.079907 0.029320
0.481930 0.083333 0.030438
0.500000 0.092368 0.033104
0.516454 0.100000 0.035355
0.525000 0.104012 0.036393
0.542241 0.111494 0.038329
0.550000 0.114871 0.039203
0.554482 0.116667 0.039668
0.575000 0.124990 0.041482
0.597468 0.133333 0.043301
0.600000 0.134285 0.043466

Course 62

0.356753 0.000000 0.000000
0.375000 0.012270 0.004805
0.381958 0.016667 0.006526
0.400000 0.028099 0.010926
0.408809 0.033333 0.012941
0.425000 0.043008 0.016536
0.437506 0.050000 0.019134
0.450000 0.057040 0.021612
0.468302 0.066667 0.025000
0.475000 0.070225 0.026161
0.495650 0.080433 0.029492
0.500000 0.082589 0.030195
0.501620 0.083333 0.030438
0.525000 0.094208 0.033646
0.538476 0.100000 0.035355
0.550000 0.105017 0.036653
0.568849 0.112566 0.038607
0.575000 0.115038 0.039246
0.579426 0.116667 0.039668
0.600000 0.124336 0.041340

Course 63

0.370786 0.000000 0.000000
0.375000 0.002833 0.001110
0.396891 0.016667 0.006526
0.400000 0.018636 0.007284
0.424731 0.033333 0.012941
0.425000 0.033494 0.013001
0.426493 0.034329 0.013311
0.450000 0.047491 0.018202
0.454800 0.050000 0.019134
0.475000 0.060645 0.022881
0.487277 0.066667 0.025000
0.500000 0.072971 0.027057
0.522542 0.083333 0.030438
0.525000 0.084476 0.030775
0.529827 0.086551 0.031387
0.550000 0.095250 0.033954
0.561973 0.100000 0.035355
0.575000 0.105236 0.036710
0.592525 0.111684 0.038378
0.600000 0.114444 0.039093

Course 64

0.385352 0.000000 0.000000
0.400000 0.009260 0.003626
0.412492 0.016667 0.006526
0.425000 0.024107 0.009390
0.441575 0.033333 0.012941
0.450000 0.038051 0.014694
0.472863 0.050000 0.019134
0.475000 0.051126 0.019531
0.481391 0.054261 0.020634
0.500000 0.063410 0.023854
0.507142 0.066667 0.025000
0.525000 0.074898 0.027686
0.544802 0.083333 0.030438
0.550000 0.085575 0.031099
0.558304 0.088870 0.032071
0.575000 0.095517 0.034033
0.587300 0.100000 0.035355
0.600000 0.104691 0.036569

Course 65

0.400156 0.000000 0.000000
0.425000 0.014745 0.005774
0.428460 0.016667 0.006526
0.450000 0.028675 0.011148
0.458953 0.033333 0.012941
0.475000 0.041737 0.016064
0.491957 0.050000 0.019134
0.500000 0.053954 0.020526
0.518773 0.062515 0.023539
0.525000 0.065363 0.024541
0.528085 0.066667 0.025000
0.550000 0.076032 0.028056
0.568569 0.083333 0.030438
0.575000 0.085894 0.031194
0.583473 0.088982 0.032105
0.600000 0.095030 0.033889

Course 66

0.415786 0.000000 0.000000
0.425000 0.005469 0.002141
0.445163 0.016667 0.006526
0.450000 0.019363 0.007564
0.468422 0.028948 0.011253
0.475000 0.032377 0.012573
0.476970 0.033333 0.012941
0.500000 0.044584 0.017122
0.511954 0.050000 0.019134
0.525000 0.055967 0.021234
0.549444 0.066296 0.024870
0.550000 0.066532 0.024953
0.550346 0.066667 0.025000
0.575000 0.076396 0.028175
0.594205 0.083333 0.030438
0.600000 0.085454 0.031064

Course 67

0.431793 0.000000 0.000000
0.450000 0.010127 0.003966
0.462597 0.016667 0.006526
0.475000 0.023133 0.009015
0.496026 0.033333 0.012941
0.500000 0.035275 0.013662
0.509090 0.039393 0.015193
0.525000 0.046623 0.017879
0.533044 0.050000 0.019134
0.550000 0.057189 0.021664
0.574298 0.066667 0.025000
0.575000 0.066944 0.025090
0.575907 0.067271 0.025197
0.600000 0.076010 0.028049

Course 68

0.448341 0.000000 0.000000
0.450000 0.000923 0.000361
0.456253 0.004169 0.001632
0.475000 0.013920 0.005451
0.480674 0.016667 0.006526
0.500000 0.026066 0.010144
0.516113 0.033333 0.012941
0.525000 0.037372 0.014442
0.541361 0.044240 0.016994
0.550000 0.047880 0.018346
0.555472 0.050000 0.019134
0.575000 0.057645 0.021825
0.599801 0.066534 0.024953
0.600000 0.066606 0.024978

Course 69

0.465805 0.000000 0.000000
0.475000 0.004783 0.001873
0.499553 0.016667 0.006526
0.500000 0.016884 0.006610
0.501009 0.017339 0.006785
0.525000 0.028192 0.010962
0.537304 0.033333 0.012941
0.550000 0.038681 0.014928
0.569157 0.046105 0.017687
0.575000 0.048377 0.018531
0.579557 0.050000 0.019134
0.600000 0.057357 0.021724

Course 70

0.483913 0.000000 0.000000
0.500000 0.007806 0.003057
0.519692 0.016667 0.006526
0.525000 0.019068 0.007450
0.534650 0.023100 0.009002
0.550000 0.029536 0.011479
0.559847 0.033333 0.012941
0.575000 0.039227 0.015131
0.593976 0.045984 0.017642
0.600000 0.048138 0.018442

Course 71

0.502794 0.000000 0.000000
0.525000 0.010021 0.003924
0.540943 0.016667 0.006526
0.550000 0.020464 0.007988
0.563512 0.025675 0.009993
0.575000 0.030121 0.011705
0.584063 0.033333 0.012941
0.600000 0.039032 0.015058

Course 72

0.522778 0.000000 0.000000
0.525000 0.001003 0.000393
0.529014 0.002676 0.001048
0.550000 0.011453 0.004485
0.563556 0.016667 0.006526
0.575000 0.021096 0.008231
0.589184 0.026123 0.010166
0.600000 0.029969 0.011646

Course 73

0.544056 0.000000 0.000000
0.550000 0.002486 0.000973
0.558813 0.005875 0.002301
0.575000 0.012119 0.004746
0.587874 0.016667 0.006526
0.600000 0.020979 0.008186

Course 74

0.566732 0.000000 0.000000
0.575000 0.003189 0.001249
0.585175 0.006783 0.002656
0.600000 0.012026 0.004709

Course 75

0.591214 0.000000 0.000000
0.600000 0.003107 0.001217
