1.343480 -0.695657 0.873655 0.000000 1.392799 0.064276
1.344194 -0.698903 0.879339 0.000000 1.390360 0.064990
1.346440 -0.708725 0.896507 0.000000 1.383014 0.067237
1.348509 -0.717786 0.912301 0.000000 1.376281 0.069305
1.349331 -0.721681 0.919078 0.000000 1.373400 0.070127
1.350297 -0.726285 0.927077 0.000000 1.370004 0.071094
1.352110 -0.734602 0.941500 0.000000 1.363898 0.072907
1.353629 -0.741612 0.953627 0.000000 1.358781 0.074425
1.354796 -0.747469 0.963741 0.000000 1.354525 0.075592
1.356305 -0.755058 0.976816 0.000000 1.349038 0.077101
1.357384 -0.760296 0.985823 0.000000 1.345269 0.078180
1.358205 -0.764328 0.992746 0.000000 1.342378 0.079001
1.359842 -0.773139 1.007844 0.000000 1.336091 0.080638
1.362180 -0.785662 1.029228 0.000000 1.327230 0.082976
1.362229 -0.785916 1.029660 0.000000 1.327052 0.083025
1.362263 -0.786093 1.029962 0.000000 1.326927 0.083059
1.364432 -0.798795 1.051559 0.000000 1.318033 0.085229
1.365846 -0.807045 1.065536 0.000000 1.312306 0.086642
1.366545 -0.811648 1.073316 0.000000 1.309128 0.087341
1.367771 -0.819727 1.086945 0.000000 1.303579 0.088567
1.368524 -0.824539 1.095043 0.000000 1.300292 0.089320
1.368947 -0.827276 1.099643 0.000000 1.298429 0.089743
1.370328 -0.837526 1.116833 0.000000 1.291490 0.091124
1.371591 -0.846874 1.132453 0.000000 1.285217 0.092387
1.372010 -0.850540 1.138565 0.000000 1.282771 0.092806
1.372934 -0.858646 1.152049 0.000000 1.277393 0.093730
1.373521 -0.863648 1.160350 0.000000 1.274094 0.094317
1.373783 -0.865908 1.164095 0.000000 1.272609 0.094579
1.374822 -0.876899 1.182265 0.000000 1.265431 0.095618
1.375536 -0.884438 1.194683 0.000000 1.260552 0.096332
1.377217 -0.901685 1.222955 0.000000 1.249526 0.098013
1.377316 -0.902683 1.224586 0.000000 1.248893 0.098113
1.377485 -0.904028 1.226782 0.000000 1.248043 0.098281
1.379639 -0.920853 1.254149 0.000000 1.237500 0.100436
1.382093 -0.936302 1.279112 0.000000 1.227986 0.102889
1.382523 -0.938956 1.283386 0.000000 1.226367 0.103319
1.382964 -0.941268 1.287103 0.000000 1.224962 0.103760
1.384914 -0.951318 1.303220 0.000000 1.218894 0.105710
1.386024 -0.957015 1.312326 0.000000 1.215485 0.106821
1.387302 -0.962596 1.321225 0.000000 1.212168 0.108098
1.389333 -0.971407 1.335226 0.000000 1.206977 0.110129
1.389855 -0.973632 1.338754 0.000000 1.205674 0.110651
1.390182 -0.975039 1.340983 0.000000 1.204852 0.110979
1.392680 -0.984305 1.355626 0.000000 1.199476 0.113477
1.395060 -0.993042 1.369373 0.000000 1.194464 0.115856
1.395613 -0.994821 1.372166 0.000000 1.193451 0.116409
1.396331 -0.997133 1.375793 0.000000 1.192136 0.117128
1.398809 -1.005000 1.388101 0.000000 1.187695 0.119606
1.400723 -1.011032 1.397507 0.000000 1.184321 0.121519
1.402144 -1.014997 1.403676 0.000000 1.182118 0.122941
1.403833 -1.019679 1.410943 0.000000 1.179532 0.124629
1.405682 -1.024742 1.418785 0.000000 1.176753 0.126478
1.407247 -1.029015 1.425388 0.000000 1.174424 0.128044
1.409405 -1.034261 1.433474 0.000000 1.171584 0.130201
1.411744 -1.039899 1.442141 0.000000 1.168555 0.132540
1.413291 -1.043583 1.447790 0.000000 1.166589 0.134087
1.414727 -1.046996 1.453016 0.000000 1.164777 0.135523
1.417386 -1.052658 1.461663 0.000000 1.161791 0.138182
1.420017 -1.058203 1.470108 0.000000 1.158892 0.140813
1.421628 -1.061561 1.475209 0.000000 1.157148 0.142425
1.423269 -1.064973 1.480384 0.000000 1.155385 0.144065
1.426078 -1.070225 1.488331 0.000000 1.152690 0.146874
1.428611 -1.074912 1.495405 0.000000 1.150304 0.149407
1.430684 -1.078710 1.501123 0.000000 1.148383 0.151480
1.433005 -1.082940 1.507478 0.000000 1.146258 0.153801
1.435468 -1.086992 1.513553 0.000000 1.144236 0.156265
1.437491 -1.090285 1.518479 0.000000 1.142602 0.158288
1.440446 -1.095056 1.525600 0.000000 1.140252 0.161242
1.444092 -1.100881 1.534269 0.000000 1.137408 0.164888
1.445546 -1.102984 1.537392 0.000000 1.136388 0.166342
1.462029 -1.125426 1.570484 0.000000 1.125738 0.182826
1.465624 -1.129840 1.576943 0.000000 1.123694 0.186420
1.468542 -1.133388 1.582121 0.000000 1.122063 0.189338
1.471474 -1.136921 1.587267 0.000000 1.120450 0.192270
1.476392 -1.143973 1.594738 0.000000 1.120032 0.197188
1.481350 -1.150992 1.602112 0.000000 1.119677 0.202146
1.486348 -1.157978 1.609390 0.000000 1.119385 0.206995
