1.036034 -1.453831 1.780731 0.000000 1.243897 -1.138807
1.040104 -1.450709 1.778757 0.000000 1.242749 -1.134737
1.044155 -1.447572 1.776765 0.000000 1.241603 -1.130686
1.048147 -1.444476 1.774925 0.000000 1.240347 -1.126695
1.052153 -1.441316 1.772924 0.000000 1.239188 -1.122688
1.056145 -1.438135 1.770889 0.000000 1.238042 -1.118697
1.060121 -1.434933 1.768822 0.000000 1.236908 -1.114721
1.064081 -1.431712 1.766721 0.000000 1.235787 -1.110760
1.068026 -1.428499 1.764541 0.000000 1.234754 -1.106815
1.071972 -1.425182 1.762345 0.000000 1.233633 -1.102869
1.075869 -1.421927 1.760220 0.000000 1.232503 -1.098972
1.091296 -1.410951 1.747497 0.000000 1.234250 -1.154855
1.092405 -1.410286 1.746713 0.000000 1.234369 -1.157361
1.093514 -1.409624 1.745935 0.000000 1.234485 -1.159832
1.094624 -1.408965 1.745163 0.000000 1.234599 -1.162268
1.095734 -1.408309 1.744396 0.000000 1.234709 -1.164673
1.096844 -1.407655 1.743635 0.000000 1.234816 -1.167047
1.097956 -1.407004 1.742880 0.000000 1.234921 -1.169393
1.099067 -1.406356 1.742130 0.000000 1.235022 -1.171711
1.100179 -1.405711 1.741386 0.000000 1.235121 -1.174005
1.101292 -1.405068 1.740647 0.000000 1.235217 -1.176275
1.102407 -1.404448 1.739920 0.000000 1.235324 -1.178449
1.103523 -1.403829 1.739194 0.000000 1.235431 -1.180747
1.104638 -1.403210 1.738468 0.000000 1.235538 -1.182954
1.105753 -1.402590 1.737742 0.000000 1.235645 -1.185145
1.106869 -1.401971 1.737016 0.000000 1.235751 -1.187321
1.107984 -1.401351 1.736289 0.000000 1.235858 -1.189483
1.109099 -1.400732 1.735563 0.000000 1.235965 -1.191633
1.110215 -1.400113 1.734837 0.000000 1.236072 -1.193673
1.111330 -1.399493 1.734111 0.000000 1.236179 -1.195847
1.112445 -1.398874 1.733384 0.000000 1.236286 -1.198022
1.113565 -1.398288 1.732694 0.000000 1.236391 -1.200121
1.114685 -1.397702 1.732003 0.000000 1.236495 -1.202220
1.115805 -1.397116 1.731312 0.000000 1.236600 -1.204319
1.116925 -1.396530 1.730621 0.000000 1.236705 -1.206418
1.118045 -1.395944 1.729931 0.000000 1.236809 -1.208517
1.119165 -1.395357 1.729240 0.000000 1.236914 -1.210617
1.120284 -1.394771 1.728549 0.000000 1.237019 -1.212716
1.121404 -1.394185 1.727858 0.000000 1.237123 -1.214815
1.122524 -1.393599 1.727168 0.000000 1.237228 -1.216914
1.123644 -1.393013 1.726477 0.000000 1.237333 -1.219013
1.124768 -1.392460 1.725822 0.000000 1.237434 -1.221149
1.125892 -1.391907 1.725167 0.000000 1.237536 -1.223284
1.127016 -1.391354 1.724513 0.000000 1.237638 -1.225420
1.128140 -1.390801 1.723858 0.000000 1.237740 -1.227556
1.129265 -1.390249 1.723203 0.000000 1.237842 -1.229584
1.130389 -1.389696 1.722548 0.000000 1.237944 -1.231722
1.131513 -1.389143 1.721893 0.000000 1.238046 -1.233963
1.132637 -1.388590 1.721239 0.000000 1.238148 -1.236099
1.133761 -1.388037 1.720584 0.000000 1.238249 -1.238235
1.134885 -1.387484 1.719929 0.000000 1.238351 -1.240371
1.136013 -1.386966 1.719312 0.000000 1.238450 -1.242619
1.137142 -1.386447 1.718696 0.000000 1.238548 -1.244757
1.138270 -1.385929 1.718079 0.000000 1.238646 -1.246969
1.139398 -1.385411 1.717463 0.000000 1.238744 -1.249194
1.140526 -1.384892 1.716846 0.000000 1.238843 -1.251434
1.141655 -1.384374 1.716229 0.000000 1.238941 -1.253688
1.142783 -1.383856 1.715613 0.000000 1.239039 -1.255956
1.143911 -1.383337 1.714996 0.000000 1.239137 -1.258240
1.145039 -1.382819 1.714380 0.000000 1.239236 -1.260605
1.146167 -1.382301 1.713763 0.000000 1.239334 -1.262853
1.147299 -1.381820 1.713188 0.000000 1.239428 -1.265250
1.148432 -1.381338 1.712613 0.000000 1.239521 -1.267520
1.149564 -1.380857 1.712038 0.000000 1.239615 -1.269878
1.150696 -1.380375 1.711463 0.000000 1.239709 -1.272251
1.151829 -1.379894 1.710888 0.000000 1.239802 -1.274640
1.152961 -1.379413 1.710313 0.000000 1.239896 -1.277046
1.154093 -1.378931 1.709738 0.000000 1.239990 -1.279467
1.155225 -1.378450 1.709163 0.000000 1.240083 -1.281904
1.156357 -1.377969 1.708588 0.000000 1.240177 -1.284428
1.157490 -1.377487 1.708013 0.000000 1.240271 -1.286825
1.158626 -1.377046 1.707483 0.000000 1.240359 -1.289367
1.159762 -1.376604 1.706954 0.000000 1.240446 -1.291799
1.160899 -1.376162 1.706424 0.000000 1.240534 -1.294308
1.162035 -1.375720 1.705894 0.000000 1.240622 -1.296831
1.163172 -1.375278 1.705364 0.000000 1.240710 -1.299369
1.164308 -1.374837 1.704834 0.000000 1.240798 -1.301919
1.165444 -1.374395 1.704305 0.000000 1.240886 -1.304483
1.166580 -1.373953 1.703775 0.000000 1.240974 -1.307059
1.167717 -1.373511 1.703245 0.000000 1.241062 -1.309705
1.168853 -1.373069 1.702715 0.000000 1.241150 -1.312247
1.169994 -1.372669 1.702234 0.000000 1.241232 -1.314889
1.171134 -1.372269 1.701752 0.000000 1.241313 -1.317530
1.172275 -1.371869 1.701271 0.000000 1.241394 -1.320171
1.173415 -1.371469 1.700790 0.000000 1.241476 -1.322812
1.174556 -1.371069 1.700308 0.000000 1.241557 -1.325454
1.175696 -1.370669 1.699827 0.000000 1.241638 -1.328095
1.176837 -1.370268 1.699345 0.000000 1.241720 -1.330736
1.177977 -1.369868 1.698864 0.000000 1.241801 -1.333377
1.179118 -1.369468 1.698382 0.000000 1.241882 -1.336019
1.180258 -1.369068 1.697901 0.000000 1.241964 -1.338660
1.181403 -1.368711 1.697469 0.000000 1.242038 -1.341327
1.182547 -1.368353 1.697038 0.000000 1.242112 -1.343994
1.183692 -1.367996 1.696607 0.000000 1.242186 -1.346661
1.184837 -1.367639 1.696175 0.000000 1.242260 -1.349328
1.185981 -1.367281 1.695744 0.000000 1.242334 -1.351995
1.187126 -1.366924 1.695313 0.000000 1.242408 -1.354663
1.188271 -1.366567 1.694881 0.000000 1.242482 -1.357330
1.189415 -1.366209 1.694450 0.000000 1.242556 -1.359997
1.190560 -1.365852 1.694019 0.000000 1.242630 -1.362664
1.191705 -1.365495 1.693587 0.000000 1.242704 -1.365331
1.192853 -1.365180 1.693207 0.000000 1.242770 -1.368009
1.194002 -1.364866 1.692826 0.000000 1.242836 -1.370687
1.195150 -1.364552 1.692446 0.000000 1.242902 -1.373366
1.196299 -1.364237 1.692066 0.000000 1.242968 -1.376044
1.197447 -1.363923 1.691685 0.000000 1.243034 -1.378722
1.198596 -1.363609 1.691305 0.000000 1.243100 -1.381400
1.199744 -1.363295 1.690925 0.000000 1.243166 -1.384079
1.200893 -1.362980 1.690544 0.000000 1.243233 -1.386757
1.202041 -1.362666 1.690164 0.000000 1.243299 -1.389435
1.203190 -1.362352 1.689783 0.000000 1.243365 -1.392113
1.204342 -1.362082 1.689456 0.000000 1.243422 -1.394899
1.205494 -1.361811 1.689128 0.000000 1.243480 -1.397545
1.206645 -1.361541 1.688800 0.000000 1.243538 -1.400281
1.207797 -1.361271 1.688472 0.000000 1.243595 -1.403031
1.208949 -1.361001 1.688145 0.000000 1.243653 -1.405799
1.210101 -1.360731 1.687817 0.000000 1.243710 -1.408586
1.211253 -1.360461 1.687489 0.000000 1.243768 -1.411394
1.212405 -1.360191 1.687161 0.000000 1.243826 -1.414226
1.213556 -1.359920 1.686834 0.000000 1.243883 -1.417084
1.214708 -1.359650 1.686506 0.000000 1.243941 -1.419970
1.215863 -1.359428 1.686235 0.000000 1.243989 -1.422885
1.217017 -1.359205 1.685965 0.000000 1.244037 -1.425834
1.218172 -1.358983 1.685694 0.000000 1.244085 -1.428820
1.219326 -1.358760 1.685424 0.000000 1.244133 -1.431845
1.220481 -1.358538 1.685154 0.000000 1.244181 -1.434913
1.221635 -1.358315 1.684883 0.000000 1.244229 -1.438028
1.222789 -1.358093 1.684613 0.000000 1.244277 -1.441191
1.223944 -1.357871 1.684342 0.000000 1.244325 -1.444408
1.225098 -1.357648 1.684072 0.000000 1.244373 -1.447680
1.226252 -1.357426 1.683802 0.000000 1.244421 -1.451013
1.227409 -1.357258 1.683597 0.000000 1.244457 -1.454404
1.228565 -1.357090 1.683393 0.000000 1.244493 -1.457855
1.229722 -1.356923 1.683189 0.000000 1.244530 -1.461360
1.230878 -1.356755 1.682985 0.000000 1.244566 -1.464913
1.232035 -1.356588 1.682781 0.000000 1.244603 -1.468503
1.233191 -1.356420 1.682577 0.000000 1.244639 -1.472116
1.234347 -1.356252 1.682373 0.000000 1.244676 -1.475795
1.235504 -1.356085 1.682169 0.000000 1.244712 -1.479335
1.236660 -1.355917 1.681965 0.000000 1.244749 -1.482875
1.237817 -1.355750 1.681761 0.000000 1.244785 -1.486415
1.238976 -1.355635 1.681621 0.000000 1.244810 -1.489827
1.240135 -1.355520 1.681481 0.000000 1.244835 -1.493115
1.241294 -1.355405 1.681341 0.000000 1.244861 -1.496248
1.242453 -1.355291 1.681201 0.000000 1.244886 -1.499193
1.243613 -1.355176 1.681061 0.000000 1.244911 -1.501922
1.244773 -1.355061 1.680921 0.000000 1.244936 -1.504406
1.245933 -1.354946 1.680781 0.000000 1.244961 -1.506619
1.247093 -1.354831 1.680641 0.000000 1.244986 -1.508535
1.248254 -1.354716 1.680501 0.000000 1.245011 -1.510131
1.249415 -1.354601 1.680361 0.000000 1.245037 -1.511384
1.250577 -1.354501 1.680239 0.000000 1.245059 -1.512274
1.251740 -1.354401 1.680117 0.000000 1.245081 -1.512781
1.252903 -1.354301 1.679995 0.000000 1.245103 -1.512887
1.254066 -1.354201 1.679873 0.000000 1.245125 -1.512580
1.255230 -1.354101 1.679751 0.000000 1.245147 -1.511849
1.256394 -1.354001 1.679629 0.000000 1.245169 -1.510689
1.257558 -1.353901 1.679506 0.000000 1.245191 -1.509098
1.258724 -1.353800 1.679384 0.000000 1.245213 -1.507078
1.259889 -1.353700 1.679262 0.000000 1.245235 -1.504637
1.261055 -1.353600 1.679139 0.000000 1.245257 -1.501784
1.262218 -1.353451 1.678958 0.000000 1.245290 -1.498538
1.263381 -1.353303 1.678777 0.000000 1.245323 -1.494913
1.264544 -1.353155 1.678595 0.000000 1.245355 -1.490933
1.265690 -1.353085 1.678511 0.000000 1.245371 -1.486642
1.266853 -1.352942 1.678335 0.000000 1.245403 -1.482035
1.268018 -1.352791 1.678152 0.000000 1.245436 -1.477164
1.269200 -1.352560 1.677870 0.000000 1.245487 -1.472051
1.270365 -1.352412 1.677688 0.000000 1.245520 -1.466773
1.271530 -1.352263 1.677507 0.000000 1.245553 -1.461351
1.272694 -1.352114 1.677325 0.000000 1.245586 -1.455821
1.273850 -1.351878 1.677036 0.000000 1.245638 -1.450193
1.275006 -1.351642 1.676747 0.000000 1.245691 -1.444564
1.276144 -1.351490 1.676562 0.000000 1.245725 -1.438953
1.277297 -1.351266 1.676287 0.000000 1.245775 -1.433327
1.278452 -1.351034 1.676003 0.000000 1.245827 -1.427564
1.279609 -1.350793 1.675709 0.000000 1.245880 -1.421906
1.280768 -1.350545 1.675405 0.000000 1.245936 -1.416273
1.281941 -1.350224 1.675013 0.000000 1.246007 -1.410653
1.283097 -1.349988 1.674724 0.000000 1.246060 -1.405163
1.284253 -1.349751 1.674435 0.000000 1.246113 -1.399535
1.285395 -1.349425 1.674035 0.000000 1.246187 -1.394030
1.286538 -1.349099 1.673635 0.000000 1.246260 -1.388552
1.287664 -1.348852 1.673332 0.000000 1.246316 -1.383115
1.288805 -1.348537 1.672946 0.000000 1.246387 -1.377690
1.289946 -1.348214 1.672550 0.000000 1.246460 -1.372288
1.291090 -1.347884 1.672145 0.000000 1.246535 -1.366908
1.292235 -1.347546 1.671731 0.000000 1.246611 -1.361550
1.293393 -1.347141 1.671234 0.000000 1.246703 -1.356201
1.294535 -1.346814 1.670835 0.000000 1.246776 -1.350890
1.295678 -1.346488 1.670435 0.000000 1.246850 -1.345599
1.296804 -1.346077 1.669929 0.000000 1.246944 -1.340429
1.297930 -1.345665 1.669423 0.000000 1.247039 -1.335113
1.299056 -1.345254 1.668917 0.000000 1.247133 -1.329899
1.300165 -1.344928 1.668516 0.000000 1.247208 -1.324721
1.301290 -1.344520 1.668015 0.000000 1.247302 -1.319545
1.302417 -1.344105 1.667504 0.000000 1.247397 -1.314385
1.303559 -1.343609 1.666894 0.000000 1.247511 -1.309227
1.304685 -1.343197 1.666389 0.000000 1.247605 -1.304102
1.305811 -1.342786 1.665883 0.000000 1.247699 -1.299069
1.306937 -1.342375 1.665377 0.000000 1.247794 -1.293899
1.308043 -1.341883 1.664770 0.000000 1.247909 -1.288902
1.309149 -1.341391 1.664163 0.000000 1.248024 -1.283797
1.310255 -1.340899 1.663556 0.000000 1.248139 -1.278767
1.311347 -1.340487 1.663048 0.000000 1.248235 -1.273766
1.312452 -1.339998 1.662445 0.000000 1.248350 -1.268765
1.313559 -1.339503 1.661834 0.000000 1.248466 -1.263775
1.314680 -1.338930 1.661127 0.000000 1.248599 -1.258783
1.315786 -1.338438 1.660520 0.000000 1.248715 -1.253818
1.316893 -1.337946 1.659913 0.000000 1.248830 -1.248922
1.317999 -1.337454 1.659306 0.000000 1.248945 -1.243924
1.319083 -1.336885 1.658601 0.000000 1.249081 -1.239062
1.320166 -1.336316 1.657896 0.000000 1.249217 -1.234200
1.321250 -1.335747 1.657191 0.000000 1.249353 -1.229233
1.322334 -1.335178 1.656486 0.000000 1.249489 -1.224357
1.323404 -1.334689 1.655880 0.000000 1.249606 -1.219505
1.324502 -1.334040 1.655076 0.000000 1.249761 -1.214634
1.325585 -1.333472 1.654371 0.000000 1.249897 -1.209787
1.326669 -1.332903 1.653666 0.000000 1.250033 -1.205025
1.327753 -1.332334 1.652961 0.000000 1.250169 -1.200162
1.328836 -1.331765 1.652256 0.000000 1.250305 -1.195300
1.329895 -1.331122 1.651456 0.000000 1.250462 -1.190549
1.330954 -1.330480 1.650656 0.000000 1.250620 -1.185799
1.332013 -1.329837 1.649856 0.000000 1.250777 -1.181048
1.333072 -1.329194 1.649056 0.000000 1.250934 -1.176297
1.334130 -1.328552 1.648256 0.000000 1.251092 -1.171546
1.335189 -1.327909 1.647456 0.000000 1.251249 -1.166795
1.336248 -1.327267 1.646657 0.000000 1.251406 -1.162045
1.337307 -1.326624 1.645857 0.000000 1.251564 -1.157294
1.338365 -1.325982 1.645057 0.000000 1.251721 -1.152543
1.339424 -1.325339 1.644257 0.000000 1.251879 -1.147792
1.340456 -1.324626 1.643364 0.000000 1.252058 -1.143144
1.341487 -1.323913 1.642472 0.000000 1.252237 -1.138496
1.342519 -1.323200 1.641580 0.000000 1.252417 -1.133848
1.343550 -1.322487 1.640687 0.000000 1.252596 -1.129200
1.344582 -1.321774 1.639795 0.000000 1.252775 -1.124552
1.345614 -1.321061 1.638903 0.000000 1.252955 -1.119903
1.346645 -1.320348 1.638010 0.000000 1.253134 -1.115255
1.347677 -1.319635 1.637118 0.000000 1.253313 -1.110607
1.348708 -1.318922 1.636225 0.000000 1.253492 -1.105959
1.349740 -1.318209 1.635333 0.000000 1.253672 -1.101311
1.350742 -1.317428 1.634351 0.000000 1.253874 -1.096770
1.351745 -1.316648 1.633368 0.000000 1.254076 -1.092230
1.352747 -1.315867 1.632386 0.000000 1.254277 -1.087689
1.353750 -1.315087 1.631404 0.000000 1.254479 -1.083048
1.354752 -1.314306 1.630421 0.000000 1.254681 -1.078503
1.355755 -1.313526 1.629439 0.000000 1.254883 -1.073966
1.356757 -1.312746 1.628457 0.000000 1.255085 -1.069528
1.357759 -1.311965 1.627475 0.000000 1.255287 -1.064987
1.358762 -1.311185 1.626492 0.000000 1.255489 -1.060447
1.359764 -1.310404 1.625510 0.000000 1.255691 -1.055906
1.360736 -1.309560 1.624440 0.000000 1.255916 -1.051492
1.361708 -1.308715 1.623371 0.000000 1.256141 -1.047078
1.362680 -1.307870 1.622301 0.000000 1.256366 -1.042552
1.363652 -1.307026 1.621231 0.000000 1.256591 -1.038121
1.364623 -1.306181 1.620161 0.000000 1.256816 -1.033700
1.365595 -1.305337 1.619092 0.000000 1.257041 -1.029291
1.366567 -1.304492 1.618022 0.000000 1.257266 -1.024892
1.367539 -1.303647 1.616953 0.000000 1.257491 -1.020595
1.368511 -1.302803 1.615883 0.000000 1.257716 -1.016181
1.369482 -1.301958 1.614813 0.000000 1.257941 -1.011767
1.370423 -1.301053 1.613659 0.000000 1.258190 -1.007510
1.371363 -1.300148 1.612505 0.000000 1.258439 -1.003143
1.372303 -1.299242 1.611351 0.000000 1.258688 -0.998850
1.373243 -1.298337 1.610197 0.000000 1.258937 -0.994571
1.374183 -1.297432 1.609043 0.000000 1.259185 -0.990307
1.375123 -1.296526 1.607889 0.000000 1.259434 -0.986056
1.376063 -1.295621 1.606735 0.000000 1.259683 -0.981820
1.377004 -1.294716 1.605581 0.000000 1.259932 -0.977598
1.377944 -1.293811 1.604427 0.000000 1.260181 -0.973457
1.378884 -1.292906 1.603273 0.000000 1.260429 -0.969200
1.379792 -1.291943 1.602037 0.000000 1.260702 -0.965124
1.380700 -1.290981 1.600802 0.000000 1.260975 -0.960926
1.381607 -1.290019 1.599567 0.000000 1.261248 -0.956812
1.382515 -1.289057 1.598332 0.000000 1.261521 -0.952713
1.383423 -1.288095 1.597097 0.000000 1.261794 -0.948629
1.384331 -1.287133 1.595862 0.000000 1.262067 -0.944561
1.385239 -1.286171 1.594627 0.000000 1.262340 -0.940507
1.386147 -1.285208 1.593392 0.000000 1.262613 -0.936468
1.387054 -1.284246 1.592157 0.000000 1.262886 -0.932512
1.387962 -1.283284 1.590922 0.000000 1.263159 -0.928435
1.388837 -1.282269 1.589609 0.000000 1.263456 -0.924532
1.389713 -1.281254 1.588296 0.000000 1.263754 -0.920524
1.390588 -1.280239 1.586984 0.000000 1.264051 -0.916590
1.391463 -1.279224 1.585671 0.000000 1.264349 -0.912669
1.392339 -1.278209 1.584358 0.000000 1.264646 -0.908761
1.393214 -1.277193 1.583046 0.000000 1.264944 -0.904866
1.394089 -1.276178 1.581733 0.000000 1.265241 -0.900984
1.394964 -1.275163 1.580421 0.000000 1.265539 -0.897213
1.395840 -1.274148 1.579108 0.000000 1.265836 -0.893310
1.396715 -1.273133 1.577796 0.000000 1.266134 -0.889407
1.397557 -1.272068 1.576408 0.000000 1.266456 -0.885640
1.398400 -1.271004 1.575021 0.000000 1.266779 -0.881873
1.399243 -1.269939 1.573634 0.000000 1.267101 -0.878106
1.400085 -1.268874 1.572247 0.000000 1.267424 -0.874338
1.400928 -1.267809 1.570860 0.000000 1.267746 -0.870571
1.401770 -1.266745 1.569473 0.000000 1.268068 -0.866804
1.402613 -1.265680 1.568086 0.000000 1.268391 -0.863037
1.403455 -1.264615 1.566698 0.000000 1.268713 -0.859270
1.404298 -1.263551 1.565311 0.000000 1.269036 -0.855503
1.405140 -1.262486 1.563924 0.000000 1.269358 -0.851735
1.405950 -1.261374 1.562464 0.000000 1.269706 -0.848035
1.406759 -1.260262 1.561005 0.000000 1.270054 -0.844335
1.407569 -1.259151 1.559545 0.000000 1.270402 -0.840635
1.408378 -1.258039 1.558085 0.000000 1.270750 -0.836934
1.409188 -1.256927 1.556625 0.000000 1.271098 -0.833234
1.409997 -1.255815 1.555166 0.000000 1.271446 -0.829534
1.410807 -1.254703 1.553706 0.000000 1.271794 -0.825833
1.411616 -1.253592 1.552246 0.000000 1.272142 -0.822133
1.412426 -1.252480 1.550786 0.000000 1.272490 -0.818433
1.413235 -1.251368 1.549327 0.000000 1.272838 -0.814732
1.414011 -1.250211 1.547795 0.000000 1.273212 -0.811000
1.414787 -1.249053 1.546263 0.000000 1.273587 -0.807268
1.415563 -1.247896 1.544731 0.000000 1.273961 -0.803658
1.416339 -1.246738 1.543199 0.000000 1.274336 -0.799948
1.417114 -1.245581 1.541667 0.000000 1.274710 -0.796227
1.417890 -1.244423 1.540135 0.000000 1.275084 -0.792494
1.418666 -1.243266 1.538603 0.000000 1.275459 -0.788747
1.419442 -1.242108 1.537071 0.000000 1.275833 -0.784986
1.420218 -1.240951 1.535539 0.000000 1.276208 -0.781144
1.420994 -1.239793 1.534007 0.000000 1.276582 -0.777412
1.421734 -1.238590 1.532401 0.000000 1.276985 -0.773632
1.422475 -1.237386 1.530795 0.000000 1.277387 -0.769831
1.423216 -1.236183 1.529189 0.000000 1.277790 -0.766009
1.423957 -1.234979 1.527583 0.000000 1.278192 -0.762163
1.424698 -1.233775 1.525977 0.000000 1.278594 -0.758292
1.425439 -1.232572 1.524371 0.000000 1.278997 -0.754394
1.426180 -1.231368 1.522765 0.000000 1.279399 -0.750469
1.426921 -1.230165 1.521159 0.000000 1.279802 -0.746513
1.427662 -1.228961 1.519553 0.000000 1.280204 -0.742527
1.428403 -1.227757 1.517947 0.000000 1.280607 -0.738507
1.429124 -1.226527 1.516298 0.000000 1.281025 -0.734473
1.429841 -1.225293 1.514642 0.000000 1.281447 -0.730406
1.430555 -1.224053 1.512978 0.000000 1.281872 -0.726305
1.431264 -1.222809 1.511306 0.000000 1.282300 -0.722169
1.431970 -1.221560 1.509625 0.000000 1.282731 -0.717994
1.432672 -1.220305 1.507937 0.000000 1.283165 -0.713781
1.441973 -1.200695 1.481355 0.000000 1.290136 -0.635042
1.444252 -1.196254 1.473743 0.000000 1.293307 -0.632763
1.446516 -1.191792 1.466089 0.000000 1.296500 -0.630498
1.448767 -1.187310 1.458391 0.000000 1.299716 -0.628248
1.450963 -1.182744 1.450513 0.000000 1.303027 -0.626052
1.453227 -1.178308 1.442816 0.000000 1.306288 -0.623788
1.455436 -1.173740 1.435032 0.000000 1.309504 -0.621579
1.457632 -1.169174 1.427156 0.000000 1.312815 -0.619383
1.459814 -1.164609 1.419185 0.000000 1.316220 -0.617201
1.461943 -1.159911 1.411124 0.000000 1.319584 -0.615072
1.464139 -1.155345 1.403246 0.000000 1.322895 -0.612876
