1.036032 -1.453820 1.780718 0.000000 1.243898 -1.138988
1.040102 -1.450699 1.778745 0.000000 1.242750 -1.134917
1.044153 -1.447562 1.776754 0.000000 1.241604 -1.130866
1.048145 -1.444467 1.774915 0.000000 1.240348 -1.126875
1.052151 -1.441308 1.772915 0.000000 1.239189 -1.122868
1.056143 -1.438128 1.770881 0.000000 1.238043 -1.118877
1.060119 -1.434927 1.768814 0.000000 1.236909 -1.114901
1.064080 -1.431706 1.766715 0.000000 1.235788 -1.110940
1.068025 -1.428494 1.764536 0.000000 1.234754 -1.106995
1.071971 -1.425178 1.762341 0.000000 1.233633 -1.103048
1.075868 -1.421924 1.760217 0.000000 1.232503 -1.099151
1.091296 -1.410954 1.747491 0.000000 1.234260 -1.154855
1.093521 -1.409624 1.745924 0.000000 1.234496 -1.159847
1.095747 -1.408307 1.744376 0.000000 1.234727 -1.164702
1.097976 -1.407003 1.742848 0.000000 1.234952 -1.169436
1.100207 -1.405713 1.741338 0.000000 1.235171 -1.174061
1.102440 -1.404435 1.739846 0.000000 1.235385 -1.178592
1.104674 -1.403169 1.738372 0.000000 1.235594 -1.183041
1.106911 -1.401916 1.736916 0.000000 1.235797 -1.187421
1.109150 -1.400674 1.735477 0.000000 1.235994 -1.191744
1.111390 -1.399444 1.734055 0.000000 1.236186 -1.196021
1.113640 -1.398296 1.732699 0.000000 1.236394 -1.200264
1.115917 -1.397072 1.731254 0.000000 1.236615 -1.204480
1.118175 -1.395900 1.729869 0.000000 1.236827 -1.208714
1.120370 -1.394696 1.728448 0.000000 1.237044 -1.212889
1.122619 -1.393541 1.727084 0.000000 1.237253 -1.217094
1.124870 -1.392398 1.725735 0.000000 1.237460 -1.221312
1.127176 -1.391303 1.724442 0.000000 1.237658 -1.225496
1.129417 -1.390178 1.723113 0.000000 1.237862 -1.229773
1.131641 -1.389107 1.721848 0.000000 1.238055 -1.234104
1.133891 -1.387958 1.720492 0.000000 1.238263 -1.238449
1.136158 -1.386949 1.719290 0.000000 1.238456 -1.242823
1.138454 -1.385854 1.717984 0.000000 1.238666 -1.247219
1.140674 -1.384781 1.716707 0.000000 1.238871 -1.251744
1.142939 -1.383750 1.715478 0.000000 1.239069 -1.256284
1.145204 -1.382733 1.714265 0.000000 1.239264 -1.260882
1.147472 -1.381730 1.713071 0.000000 1.239456 -1.265541
1.149741 -1.380742 1.711893 0.000000 1.239645 -1.270262
1.152054 -1.379795 1.710765 0.000000 1.239827 -1.275003
1.154292 -1.378877 1.709671 0.000000 1.240002 -1.279884
1.156559 -1.377868 1.708469 0.000000 1.240196 -1.284799
1.158842 -1.377017 1.707447 0.000000 1.240367 -1.289760
1.161157 -1.376063 1.706302 0.000000 1.240558 -1.294749
1.163391 -1.375143 1.705197 0.000000 1.240743 -1.299877
1.165671 -1.374267 1.704144 0.000000 1.240919 -1.305011
1.167954 -1.373407 1.703112 0.000000 1.241091 -1.310194
1.170238 -1.372563 1.702099 0.000000 1.241261 -1.315420
1.172523 -1.371736 1.701106 0.000000 1.241427 -1.320684
1.174856 -1.370953 1.700165 0.000000 1.241584 -1.325934
1.177108 -1.370208 1.699271 0.000000 1.241734 -1.331292
1.179391 -1.369357 1.698249 0.000000 1.241905 -1.336637
1.181690 -1.368677 1.697427 0.000000 1.242046 -1.341996
1.184022 -1.367886 1.696471 0.000000 1.242211 -1.347323
1.186273 -1.367137 1.695566 0.000000 1.242367 -1.352731
1.188570 -1.366431 1.694713 0.000000 1.242514 -1.358092
1.190869 -1.365742 1.693881 0.000000 1.242658 -1.363452
1.193170 -1.365071 1.693070 0.000000 1.242798 -1.368810
1.195472 -1.364417 1.692279 0.000000 1.242934 -1.374167
1.197820 -1.363804 1.691538 0.000000 1.243062 -1.379478
1.200088 -1.363237 1.690854 0.000000 1.243180 -1.384869
1.202388 -1.362557 1.690032 0.000000 1.243321 -1.390228
1.204701 -1.362056 1.689424 0.000000 1.243429 -1.395659
1.207048 -1.361430 1.688664 0.000000 1.243562 -1.401105
1.209315 -1.360859 1.687970 0.000000 1.243685 -1.406695
1.211627 -1.360329 1.687327 0.000000 1.243798 -1.412321
1.213939 -1.359817 1.686705 0.000000 1.243908 -1.418044
1.216253 -1.359324 1.686107 0.000000 1.244014 -1.423884
1.218568 -1.358851 1.685532 0.000000 1.244115 -1.429864
1.220927 -1.358420 1.685008 0.000000 1.244208 -1.435964
1.223205 -1.358052 1.684562 0.000000 1.244286 -1.442334
1.225517 -1.357552 1.683955 0.000000 1.244393 -1.448888
1.227862 -1.357175 1.683496 0.000000 1.244475 -1.455650
1.230201 -1.356818 1.683061 0.000000 1.244553 -1.462649
1.232474 -1.356451 1.682614 0.000000 1.244633 -1.469887
1.234795 -1.356131 1.682224 0.000000 1.244703 -1.477143
1.237116 -1.355835 1.681863 0.000000 1.244768 -1.484304
1.239439 -1.355561 1.681530 0.000000 1.244827 -1.491164
1.241764 -1.355310 1.681224 0.000000 1.244882 -1.497474
1.244131 -1.355097 1.680964 0.000000 1.244929 -1.502942
1.246422 -1.354947 1.680783 0.000000 1.244961 -1.507458
1.248748 -1.354658 1.680430 0.000000 1.245024 -1.510708
1.251076 -1.354414 1.680132 0.000000 1.245078 -1.512545
1.253385 -1.354258 1.679942 0.000000 1.245113 -1.512832
1.255706 -1.354058 1.679697 0.000000 1.245157 -1.511428
1.258030 -1.353851 1.679445 0.000000 1.245202 -1.508294
1.260422 -1.353661 1.679213 0.000000 1.245244 -1.503383
1.262760 -1.353428 1.678928 0.000000 1.245296 -1.496902
1.265097 -1.353170 1.678613 0.000000 1.245353 -1.488943
1.267383 -1.352861 1.678236 0.000000 1.245421 -1.479774
1.269738 -1.352551 1.677858 0.000000 1.245489 -1.469553
1.272099 -1.352211 1.677443 0.000000 1.245564 -1.458664
1.274375 -1.351798 1.676937 0.000000 1.245657 -1.447484
1.276753 -1.351394 1.676442 0.000000 1.245748 -1.436046
1.279073 -1.350929 1.675872 0.000000 1.245853 -1.424662
1.281389 -1.350427 1.675258 0.000000 1.245965 -1.413370
1.283699 -1.349887 1.674598 0.000000 1.246086 -1.402198
1.286004 -1.349312 1.673893 0.000000 1.246215 -1.391143
1.288304 -1.348700 1.673144 0.000000 1.246352 -1.380198
1.290598 -1.348053 1.672352 0.000000 1.246498 -1.369359
1.292832 -1.347349 1.671490 0.000000 1.246656 -1.358674
1.295166 -1.346654 1.670638 0.000000 1.246812 -1.347977
1.297441 -1.345904 1.669714 0.000000 1.246986 -1.337425
1.299709 -1.345120 1.668748 0.000000 1.247168 -1.326958
1.301969 -1.344303 1.667741 0.000000 1.247358 -1.316573
1.304222 -1.343452 1.666693 0.000000 1.247555 -1.306266
1.306468 -1.342567 1.665604 0.000000 1.247759 -1.296032
1.308705 -1.341650 1.664475 0.000000 1.247971 -1.285867
1.310935 -1.340701 1.663306 0.000000 1.248191 -1.275769
1.313156 -1.339719 1.662097 0.000000 1.248418 -1.265734
1.315369 -1.338705 1.660848 0.000000 1.248653 -1.255759
1.317573 -1.337660 1.659561 0.000000 1.248896 -1.245841
1.319767 -1.336588 1.658228 0.000000 1.249156 -1.235977
1.321953 -1.335484 1.656856 0.000000 1.249424 -1.226165
1.324129 -1.334349 1.655447 0.000000 1.249698 -1.216403
1.326296 -1.333183 1.654000 0.000000 1.249980 -1.206689
1.328453 -1.331987 1.652515 0.000000 1.250269 -1.197021
1.330599 -1.330761 1.650993 0.000000 1.250565 -1.187397
1.332736 -1.329505 1.649433 0.000000 1.250869 -1.177818
1.334862 -1.328220 1.647836 0.000000 1.251179 -1.168280
1.336977 -1.326905 1.646203 0.000000 1.251498 -1.158785
1.339082 -1.325560 1.644533 0.000000 1.251824 -1.149330
1.341176 -1.324193 1.642817 0.000000 1.252173 -1.139917
1.343259 -1.322797 1.641064 0.000000 1.252529 -1.130544
1.345330 -1.321373 1.639277 0.000000 1.252893 -1.121212
1.347390 -1.319920 1.637453 0.000000 1.253263 -1.111922
1.349438 -1.318439 1.635595 0.000000 1.253640 -1.102673
1.351475 -1.316930 1.633702 0.000000 1.254024 -1.093467
1.353500 -1.315393 1.631773 0.000000 1.254416 -1.084305
1.355513 -1.313829 1.629811 0.000000 1.254815 -1.075188
1.357513 -1.312238 1.627813 0.000000 1.255221 -1.066118
1.359502 -1.310620 1.625782 0.000000 1.255634 -1.057096
1.361478 -1.308984 1.623702 0.000000 1.256078 -1.048124
1.363442 -1.307321 1.621589 0.000000 1.256528 -1.039205
1.365393 -1.305632 1.619443 0.000000 1.256985 -1.030340
1.367332 -1.303917 1.617264 0.000000 1.257449 -1.021533
1.369258 -1.302176 1.615053 0.000000 1.257919 -1.012786
1.371171 -1.300409 1.612809 0.000000 1.258397 -1.004102
1.373072 -1.298618 1.610533 0.000000 1.258881 -0.995484
1.374959 -1.296802 1.608225 0.000000 1.259372 -0.986934
1.376834 -1.294961 1.605886 0.000000 1.259871 -0.978456
1.378695 -1.293096 1.603516 0.000000 1.260376 -0.970050
1.380544 -1.291218 1.601096 0.000000 1.260919 -0.961717
1.382380 -1.289316 1.598645 0.000000 1.261467 -0.953458
1.384202 -1.287391 1.596165 0.000000 1.262022 -0.945274
1.386012 -1.285442 1.593655 0.000000 1.262584 -0.937163
1.387808 -1.283471 1.591115 0.000000 1.263152 -0.929124
1.389591 -1.281477 1.588547 0.000000 1.263726 -0.921157
1.391361 -1.279460 1.585949 0.000000 1.264307 -0.913259
1.393118 -1.277422 1.583324 0.000000 1.264895 -0.905427
1.394862 -1.275362 1.580669 0.000000 1.265489 -0.897659
1.396593 -1.273281 1.577987 0.000000 1.266090 -0.889950
1.398319 -1.271116 1.575156 0.000000 1.266756 -0.882289
1.400015 -1.269081 1.572493 0.000000 1.267384 -0.874697
1.401706 -1.266950 1.569706 0.000000 1.268040 -0.867142
1.403384 -1.264798 1.566891 0.000000 1.268702 -0.859628
1.405048 -1.262625 1.564050 0.000000 1.269371 -0.852149
1.406700 -1.260432 1.561182 0.000000 1.270046 -0.844698
1.408338 -1.258219 1.558288 0.000000 1.270727 -0.837366
1.409963 -1.255985 1.555368 0.000000 1.271414 -0.829907
1.411582 -1.253658 1.552323 0.000000 1.272132 -0.822453
1.413172 -1.251459 1.549447 0.000000 1.272809 -0.815029
1.414764 -1.249108 1.546322 0.000000 1.273582 -0.807597
1.416327 -1.246884 1.543366 0.000000 1.274315 -0.800159
1.417884 -1.244567 1.540286 0.000000 1.275077 -0.792684
1.419427 -1.242229 1.537180 0.000000 1.275846 -0.785167
1.420956 -1.239872 1.534047 0.000000 1.276621 -0.777599
1.422471 -1.237494 1.530888 0.000000 1.277403 -0.769968
1.423972 -1.235096 1.527702 0.000000 1.278191 -0.762263
1.425459 -1.232678 1.524488 0.000000 1.278986 -0.754472
1.426939 -1.230164 1.521146 0.000000 1.279814 -0.746575
1.428389 -1.227780 1.517977 0.000000 1.280599 -0.738581
1.429832 -1.225308 1.514663 0.000000 1.281442 -0.730457
1.431260 -1.222817 1.511316 0.000000 1.282297 -0.722194
1.432672 -1.220305 1.507937 0.000000 1.283165 -0.713781
1.441975 -1.200700 1.481362 0.000000 1.290135 -0.635294
1.444254 -1.196260 1.473752 0.000000 1.293304 -0.633014
1.446520 -1.191799 1.466098 0.000000 1.296497 -0.630749
1.448771 -1.187318 1.458402 0.000000 1.299713 -0.628498
1.451008 -1.182817 1.450662 0.000000 1.302951 -0.626261
1.453232 -1.178295 1.442878 0.000000 1.306213 -0.624037
1.455441 -1.173752 1.435048 0.000000 1.309500 -0.621827
1.457618 -1.169154 1.427103 0.000000 1.312847 -0.619651
1.459794 -1.164556 1.419159 0.000000 1.316194 -0.617475
1.461970 -1.159959 1.411214 0.000000 1.319541 -0.615299
1.464146 -1.155361 1.403269 0.000000 1.322888 -0.613123
