1.036040 -1.453864 1.780767 0.000000 1.243893 -1.138789
1.040110 -1.450740 1.778791 0.000000 1.242745 -1.134719
1.044161 -1.447599 1.776797 0.000000 1.241599 -1.130668
1.048152 -1.444501 1.774954 0.000000 1.240344 -1.126678
1.052158 -1.441339 1.772950 0.000000 1.239185 -1.122671
1.056149 -1.438156 1.770913 0.000000 1.238039 -1.118680
1.060124 -1.434952 1.768843 0.000000 1.236905 -1.114705
1.064084 -1.431728 1.766739 0.000000 1.235785 -1.110745
1.068029 -1.428512 1.764557 0.000000 1.234752 -1.106800
1.071975 -1.425193 1.762359 0.000000 1.233631 -1.102854
1.075871 -1.421936 1.760231 0.000000 1.232501 -1.098958
1.091296 -1.410946 1.747504 0.000000 1.234238 -1.154855
1.102944 -1.404127 1.739546 0.000000 1.235377 -1.179603
1.114645 -1.397695 1.731997 0.000000 1.236494 -1.202172
1.126396 -1.391627 1.724838 0.000000 1.237585 -1.224180
1.138193 -1.385926 1.718078 0.000000 1.238644 -1.246830
1.150034 -1.380612 1.711748 0.000000 1.239660 -1.270876
1.161920 -1.375715 1.705890 0.000000 1.240621 -1.296592
1.173851 -1.371262 1.700542 0.000000 1.241516 -1.323755
1.185829 -1.367274 1.695736 0.000000 1.242334 -1.351653
1.197850 -1.363758 1.691486 0.000000 1.243068 -1.379624
1.209944 -1.360747 1.687807 0.000000 1.243737 -1.408106
1.222004 -1.358204 1.684693 0.000000 1.244307 -1.439046
1.234121 -1.356246 1.682294 0.000000 1.244749 -1.475038
1.246268 -1.354903 1.680647 0.000000 1.245052 -1.507208
1.258462 -1.353872 1.679386 0.000000 1.245282 -1.507570
1.270671 -1.352460 1.677665 0.000000 1.245591 -1.465381
1.282805 -1.350124 1.674819 0.000000 1.246101 -1.406509
1.294799 -1.346791 1.670751 0.000000 1.246836 -1.349688
1.306612 -1.342516 1.665521 0.000000 1.247792 -1.295374
1.318211 -1.337351 1.659179 0.000000 1.248969 -1.242972
1.329562 -1.331352 1.651744 0.000000 1.250405 -1.192048
1.340637 -1.324546 1.643267 0.000000 1.252075 -1.142342
1.351409 -1.316970 1.633778 0.000000 1.253988 -1.093764
1.361859 -1.308659 1.623305 0.000000 1.256150 -1.046394
1.371970 -1.299650 1.611878 0.000000 1.258568 -1.000479
1.381730 -1.289985 1.599533 0.000000 1.261249 -0.956380
1.391134 -1.279709 1.586309 0.000000 1.264196 -0.914274
1.400179 -1.268864 1.572246 0.000000 1.267414 -0.873964
1.408863 -1.257486 1.557374 0.000000 1.270909 -0.834875
1.417182 -1.245600 1.541708 0.000000 1.274688 -0.796064
1.425125 -1.233212 1.525242 0.000000 1.278766 -0.756239
1.432672 -1.220305 1.507937 0.000000 1.283165 -0.713781
1.441978 -1.200706 1.481370 0.000000 1.290132 -0.635807
1.444257 -1.196267 1.473762 0.000000 1.293302 -0.633527
1.446523 -1.191808 1.466110 0.000000 1.296494 -0.631262
1.448775 -1.187328 1.458416 0.000000 1.299709 -0.629010
1.451013 -1.182828 1.450678 0.000000 1.302947 -0.626772
1.453237 -1.178308 1.442895 0.000000 1.306209 -0.624548
1.455448 -1.173766 1.435068 0.000000 1.309494 -0.622337
1.457645 -1.169202 1.427195 0.000000 1.312804 -0.620140
1.459815 -1.164595 1.419229 0.000000 1.316163 -0.617970
1.461985 -1.159988 1.411263 0.000000 1.319522 -0.615800
1.464155 -1.155381 1.403296 0.000000 1.322880 -0.613630
