1.036032 -1.453820 1.780718 0.000000 1.243898 -1.138988
1.040085 -1.450723 1.778817 0.000000 1.242703 -1.134935
1.044122 -1.447606 1.776882 0.000000 1.241519 -1.130897
1.048145 -1.444467 1.774915 0.000000 1.240348 -1.126875
1.052151 -1.441308 1.772915 0.000000 1.239189 -1.122868
1.056143 -1.438128 1.770881 0.000000 1.238043 -1.118877
1.060119 -1.434927 1.768814 0.000000 1.236909 -1.114901
1.064080 -1.431706 1.766715 0.000000 1.235788 -1.110940
1.068025 -1.428465 1.764582 0.000000 1.234680 -1.106995
1.071954 -1.425204 1.762416 0.000000 1.233585 -1.103065
1.075868 -1.421924 1.760217 0.000000 1.232503 -1.099151
1.091296 -1.410946 1.747504 0.000000 1.234238 -1.154855
1.093521 -1.409609 1.745947 0.000000 1.234458 -1.159847
1.095747 -1.408288 1.744407 0.000000 1.234677 -1.164702
1.097976 -1.406981 1.742883 0.000000 1.234895 -1.169436
1.100207 -1.405690 1.741375 0.000000 1.235112 -1.174061
1.102440 -1.404413 1.739881 0.000000 1.235328 -1.178592
1.104674 -1.403150 1.738403 0.000000 1.235544 -1.183041
1.106911 -1.401901 1.736939 0.000000 1.235759 -1.187421
1.109150 -1.400666 1.735490 0.000000 1.235973 -1.191744
1.111390 -1.399444 1.734055 0.000000 1.236186 -1.196021
1.113632 -1.398236 1.732634 0.000000 1.236398 -1.200264
1.115876 -1.397041 1.731228 0.000000 1.236610 -1.204483
1.118122 -1.395859 1.729835 0.000000 1.236820 -1.208689
1.120370 -1.394690 1.728457 0.000000 1.237029 -1.212889
1.122619 -1.393535 1.727093 0.000000 1.237238 -1.217094
1.124870 -1.392393 1.725744 0.000000 1.237445 -1.221312
1.127123 -1.391264 1.724409 0.000000 1.237652 -1.225549
1.129377 -1.390149 1.723088 0.000000 1.237857 -1.229814
1.131633 -1.389047 1.721783 0.000000 1.238060 -1.234112
1.133891 -1.387958 1.720492 0.000000 1.238263 -1.238449
1.136151 -1.386884 1.719217 0.000000 1.238464 -1.242830
1.138412 -1.385824 1.717957 0.000000 1.238663 -1.247261
1.140674 -1.384777 1.716713 0.000000 1.238861 -1.251744
1.142939 -1.383746 1.715485 0.000000 1.239057 -1.256284
1.145204 -1.382728 1.714273 0.000000 1.239252 -1.260882
1.147472 -1.381726 1.713078 0.000000 1.239445 -1.265541
1.149741 -1.380738 1.711899 0.000000 1.239635 -1.270262
1.152012 -1.379766 1.710738 0.000000 1.239824 -1.275045
1.154284 -1.378809 1.709595 0.000000 1.240011 -1.279891
1.156559 -1.377868 1.708469 0.000000 1.240196 -1.284799
1.158834 -1.376943 1.707361 0.000000 1.240378 -1.289768
1.161112 -1.376033 1.706272 0.000000 1.240558 -1.294794
1.163391 -1.375140 1.705201 0.000000 1.240736 -1.299877
1.165671 -1.374264 1.704149 0.000000 1.240911 -1.305011
1.167954 -1.373404 1.703117 0.000000 1.241083 -1.310194
1.170238 -1.372560 1.702104 0.000000 1.241253 -1.315420
1.172523 -1.371734 1.701110 0.000000 1.241420 -1.320684
1.174811 -1.370924 1.700136 0.000000 1.241584 -1.325979
1.177100 -1.370132 1.699182 0.000000 1.241746 -1.331299
1.179391 -1.369357 1.698249 0.000000 1.241905 -1.336637
1.181683 -1.368599 1.697335 0.000000 1.242060 -1.341984
1.183977 -1.367858 1.696442 0.000000 1.242213 -1.347336
1.186273 -1.367135 1.695569 0.000000 1.242362 -1.352689
1.188571 -1.366429 1.694716 0.000000 1.242509 -1.358040
1.190870 -1.365740 1.693884 0.000000 1.242652 -1.363389
1.193170 -1.365069 1.693073 0.000000 1.242793 -1.368738
1.195472 -1.364415 1.692281 0.000000 1.242930 -1.374090
1.197776 -1.363778 1.691511 0.000000 1.243064 -1.379451
1.200081 -1.363159 1.690761 0.000000 1.243194 -1.384827
1.202388 -1.362557 1.690032 0.000000 1.243321 -1.390228
1.204695 -1.361973 1.689324 0.000000 1.243445 -1.395664
1.207005 -1.361406 1.688637 0.000000 1.243566 -1.401148
1.209315 -1.360858 1.687972 0.000000 1.243682 -1.406695
1.211627 -1.360328 1.687328 0.000000 1.243796 -1.412321
1.213939 -1.359816 1.686707 0.000000 1.243905 -1.418044
1.216253 -1.359323 1.686109 0.000000 1.244011 -1.423884
1.218568 -1.358850 1.685534 0.000000 1.244113 -1.429864
1.220883 -1.358397 1.684982 0.000000 1.244211 -1.436007
1.223200 -1.357964 1.684456 0.000000 1.244304 -1.442339
1.225517 -1.357552 1.683955 0.000000 1.244393 -1.448888
1.227835 -1.357162 1.683480 0.000000 1.244478 -1.455677
1.230154 -1.356795 1.683033 0.000000 1.244558 -1.462696
1.232474 -1.356451 1.682615 0.000000 1.244632 -1.469887
1.234795 -1.356131 1.682225 0.000000 1.244702 -1.477143
1.237116 -1.355834 1.681864 0.000000 1.244767 -1.484304
1.239439 -1.355561 1.681531 0.000000 1.244826 -1.491164
1.241764 -1.355309 1.681224 0.000000 1.244881 -1.497474
1.244090 -1.355077 1.680941 0.000000 1.244932 -1.502983
1.246418 -1.354861 1.680678 0.000000 1.244980 -1.507462
1.248748 -1.354658 1.680430 0.000000 1.245024 -1.510708
1.251080 -1.354463 1.680192 0.000000 1.245067 -1.512541
1.253413 -1.354271 1.679958 0.000000 1.245109 -1.512803
1.255749 -1.354077 1.679722 0.000000 1.245152 -1.511385
1.258085 -1.353876 1.679476 0.000000 1.245196 -1.508239
1.260422 -1.353661 1.679214 0.000000 1.245243 -1.503383
1.262760 -1.353427 1.678929 0.000000 1.245295 -1.496902
1.265097 -1.353169 1.678614 0.000000 1.245352 -1.488943
1.267433 -1.352883 1.678264 0.000000 1.245415 -1.479724
1.269768 -1.352564 1.677875 0.000000 1.245486 -1.469523
1.272099 -1.352211 1.677443 0.000000 1.245564 -1.458664
1.274428 -1.351820 1.676966 0.000000 1.245651 -1.447432
1.276753 -1.351393 1.676443 0.000000 1.245746 -1.436046
1.279073 -1.350928 1.675874 0.000000 1.245850 -1.424662
1.281389 -1.350425 1.675260 0.000000 1.245962 -1.413370
1.283699 -1.349886 1.674600 0.000000 1.246083 -1.402198
1.286004 -1.349311 1.673895 0.000000 1.246212 -1.391143
1.288304 -1.348699 1.673146 0.000000 1.246349 -1.380198
1.290598 -1.348052 1.672353 0.000000 1.246495 -1.369359
1.292885 -1.347370 1.671517 0.000000 1.246650 -1.358621
1.295166 -1.346654 1.670638 0.000000 1.246812 -1.347977
1.297441 -1.345903 1.669716 0.000000 1.246983 -1.337425
1.299709 -1.345118 1.668752 0.000000 1.247162 -1.326958
1.301969 -1.344300 1.667746 0.000000 1.247350 -1.316573
1.304222 -1.343448 1.666699 0.000000 1.247546 -1.306266
1.306468 -1.342564 1.665610 0.000000 1.247750 -1.296032
1.308705 -1.341647 1.664481 0.000000 1.247963 -1.285867
1.310935 -1.340698 1.663311 0.000000 1.248183 -1.275769
1.313156 -1.339717 1.662101 0.000000 1.248413 -1.265734
1.315369 -1.338704 1.660850 0.000000 1.248650 -1.255759
1.317573 -1.337660 1.659561 0.000000 1.248896 -1.245841
1.319767 -1.336585 1.658231 0.000000 1.249150 -1.235977
1.321953 -1.335480 1.656863 0.000000 1.249413 -1.226165
1.324129 -1.334344 1.655456 0.000000 1.249684 -1.216403
1.326296 -1.333177 1.654010 0.000000 1.249964 -1.206689
1.328453 -1.331981 1.652525 0.000000 1.250252 -1.197021
1.330599 -1.330755 1.651002 0.000000 1.250549 -1.187397
1.332736 -1.329500 1.649442 0.000000 1.250855 -1.177818
1.334862 -1.328216 1.647843 0.000000 1.251169 -1.168280
1.336977 -1.326902 1.646207 0.000000 1.251492 -1.158785
1.339082 -1.325560 1.644533 0.000000 1.251824 -1.149330
1.341176 -1.324190 1.642822 0.000000 1.252164 -1.139917
1.343259 -1.322792 1.641074 0.000000 1.252514 -1.130544
1.345330 -1.321365 1.639290 0.000000 1.252872 -1.121212
1.347390 -1.319911 1.637468 0.000000 1.253239 -1.111922
1.349438 -1.318430 1.635611 0.000000 1.253615 -1.102673
1.351475 -1.316921 1.633717 0.000000 1.254001 -1.093467
1.353500 -1.315385 1.631786 0.000000 1.254395 -1.084305
1.355513 -1.313823 1.629821 0.000000 1.254799 -1.075188
1.357513 -1.312235 1.627819 0.000000 1.255212 -1.066118
1.359502 -1.310620 1.625782 0.000000 1.255634 -1.057096
1.361478 -1.308979 1.623710 0.000000 1.256066 -1.048124
1.363442 -1.307313 1.621603 0.000000 1.256506 -1.039205
1.365393 -1.305621 1.619461 0.000000 1.256957 -1.030340
1.367332 -1.303905 1.617285 0.000000 1.257417 -1.021533
1.369258 -1.302163 1.615074 0.000000 1.257886 -1.012786
1.371171 -1.300398 1.612829 0.000000 1.258365 -1.004102
1.373072 -1.298608 1.610551 0.000000 1.258853 -0.995484
1.374959 -1.296794 1.608239 0.000000 1.259351 -0.986934
1.376834 -1.294956 1.605894 0.000000 1.259859 -0.978456
1.378695 -1.293096 1.603516 0.000000 1.260376 -0.970050
1.380544 -1.291212 1.601105 0.000000 1.260903 -0.961717
1.382380 -1.289306 1.598662 0.000000 1.261440 -0.953458
1.384202 -1.287378 1.596187 0.000000 1.261987 -0.945274
1.386012 -1.285427 1.593680 0.000000 1.262543 -0.937163
1.387808 -1.283455 1.591142 0.000000 1.263110 -0.929124
1.389591 -1.281462 1.588572 0.000000 1.263686 -0.921157
1.391361 -1.279447 1.585972 0.000000 1.264272 -0.913259
1.393118 -1.277412 1.583341 0.000000 1.264868 -0.905427
1.394862 -1.275357 1.580679 0.000000 1.265474 -0.897659
1.396593 -1.273281 1.577987 0.000000 1.266090 -0.889950
1.398310 -1.271185 1.575265 0.000000 1.266716 -0.882298
1.400015 -1.269069 1.572514 0.000000 1.267352 -0.874697
1.401706 -1.266934 1.569733 0.000000 1.267998 -0.867142
1.403384 -1.264780 1.566922 0.000000 1.268654 -0.859628
1.405048 -1.262607 1.564082 0.000000 1.269321 -0.852149
1.406700 -1.260415 1.561213 0.000000 1.269998 -0.844698
1.408338 -1.258204 1.558315 0.000000 1.270685 -0.837268
1.409963 -1.255974 1.555388 0.000000 1.271382 -0.829852
1.411574 -1.253726 1.552432 0.000000 1.272090 -0.822442
1.413172 -1.251459 1.549447 0.000000 1.272809 -0.815029
1.414756 -1.249174 1.546433 0.000000 1.273538 -0.807605
1.416327 -1.246871 1.543390 0.000000 1.274278 -0.800159
1.417884 -1.244550 1.540317 0.000000 1.275029 -0.792684
1.419427 -1.242210 1.537216 0.000000 1.275790 -0.785167
1.420956 -1.239851 1.534085 0.000000 1.276563 -0.777599
1.422471 -1.237475 1.530924 0.000000 1.277347 -0.769968
1.423972 -1.235079 1.527733 0.000000 1.278143 -0.762263
1.425459 -1.232665 1.524512 0.000000 1.278950 -0.754472
1.426932 -1.230232 1.521260 0.000000 1.279768 -0.746582
1.428389 -1.227780 1.517977 0.000000 1.280599 -0.738581
1.429832 -1.225308 1.514663 0.000000 1.281442 -0.730457
1.431260 -1.222817 1.511316 0.000000 1.282297 -0.722194
1.432672 -1.220305 1.507937 0.000000 1.283165 -0.713781
1.441975 -1.200700 1.481362 0.000000 1.290135 -0.635294
1.444254 -1.196260 1.473752 0.000000 1.293304 -0.633014
1.446520 -1.191799 1.466098 0.000000 1.296497 -0.630749
1.448771 -1.187318 1.458402 0.000000 1.299713 -0.628498
1.451008 -1.182817 1.450662 0.000000 1.302951 -0.626261
1.453232 -1.178295 1.442878 0.000000 1.306213 -0.624037
1.455441 -1.173752 1.435048 0.000000 1.309500 -0.621827
1.457638 -1.169187 1.427173 0.000000 1.312810 -0.619631
1.459820 -1.164600 1.419252 0.000000 1.316144 -0.617448
1.461990 -1.159992 1.411284 0.000000 1.319504 -0.615279
1.464146 -1.155361 1.403269 0.000000 1.322888 -0.613123
