0.672146 0.740418 0.000000
-0.460111 -0.887861 0.000000
-0.067989 -0.997686 0.000000
0.987297 0.158884 0.000000
0.965926 0.258818 0.000000
0.763225 -0.646132 0.000000
0.536438 -0.843939 0.000000
0.602729 -0.797946 0.000000
0.655351 -0.755324 0.000000
0.731664 -0.681665 0.000000
0.734253 -0.678876 0.000000
0.737370 -0.675489 0.000000
0.741302 -0.671172 0.000000
0.757021 -0.653390 0.000000
0.762786 -0.646651 0.000000
0.761497 -0.648169 0.000000
0.755020 -0.655702 0.000000
0.732077 -0.681221 0.000000
0.696924 -0.717145 0.000000
0.664958 -0.746881 0.000000
0.626266 -0.779610 0.000000
0.613439 -0.789742 0.000000
0.612816 -0.790226 0.000000
0.641889 -0.766797 0.000000
0.718390 -0.695640 0.000000
0.721894 -0.692004 0.000000
0.721894 -0.692004 0.000000
0.789085 -0.614284 0.000000
0.820948 -0.571003 0.000000
0.842543 -0.538629 0.000000
0.882944 -0.469478 0.000000
0.909523 -0.415653 0.000000
0.926481 -0.376343 0.000000
0.978322 -0.207091 0.000000
0.998958 -0.045628 0.000000
0.999930 0.011819 0.000000
0.991926 0.126820 0.000000
0.981420 0.191873 0.000000
0.974739 0.223346 0.000000
0.933605 0.358303 0.000000
0.881990 0.471268 0.000000
0.370947 0.928654 0.000000
0.252923 0.967486 0.000000
0.115059 0.993359 0.000000
-0.951854 0.306552 0.000000
-0.999235 0.039100 0.000000
-0.999774 0.021262 0.000000
-0.999975 0.007094 0.000000
-0.999776 -0.021167 0.000000
-0.999846 -0.017553 0.000000
-1.000000 0.000399 0.000000
-0.997356 0.072677 0.000000
-0.995334 0.096494 0.000000
-0.993213 0.116311 0.000000
-0.960589 0.277972 0.000000
-0.883184 0.469027 0.000000
-0.862568 0.505941 0.000000
-0.836353 0.548191 0.000000
-0.758196 0.652027 0.000000
-0.720664 0.693284 0.000000
-0.710112 0.704089 0.000000
-0.707821 0.706392 0.000000
-0.712867 0.701299 0.000000
-0.718934 0.695079 0.000000
-0.725235 0.688501 0.000000
-0.727253 0.686370 0.000000
-0.725528 0.688192 0.000000
-0.721627 0.692282 0.000000
-0.712079 0.702099 0.000000
-0.699703 0.714434 0.000000
-0.690989 0.722865 0.000000
-0.682137 0.731225 0.000000
-0.668950 0.743307 0.000000
-0.659651 0.751572 0.000000
-0.655753 0.754975 0.000000
-0.661026 0.750363 0.000000
-0.679080 0.734064 0.000000
-0.698112 0.715988 0.000000
-0.696025 0.718018 0.000000
-0.585265 0.810842 0.000000
-0.579675 0.814848 0.000000
-0.633999 0.773334 0.000000
-0.875445 -0.483318 0.000000
-0.897727 -0.440553 0.000000
-0.998880 0.047319 0.000000
-0.791167 0.611600 0.000000
0.536235 0.844069 0.000000
-0.564456 -0.825463 0.000000
