0.122351 0.057649 0.000000
0.124904 0.060000 0.000000
0.132685 0.067315 0.000000
0.140000 0.074046 0.000000
0.143219 0.076781 0.000000
0.147056 0.080000 0.000000
0.154034 0.085966 0.000000
0.160000 0.090967 0.000000
0.165093 0.094907 0.000000
0.171766 0.100000 0.000000
0.176401 0.103599 0.000000
0.180000 0.106344 0.000000
0.188022 0.111978 0.000000
0.199599 0.120000 0.000000
0.199835 0.120165 0.000000
0.200000 0.120280 0.000000
0.212059 0.127941 0.000000
0.220000 0.132918 0.000000
0.224509 0.135491 0.000000
0.232488 0.140000 0.000000
0.237267 0.142733 0.000000
0.240000 0.144275 0.000000
0.250407 0.149593 0.000000
0.260000 0.154445 0.000000
0.263823 0.156177 0.000000
0.272329 0.160000 0.000000
0.277606 0.162394 0.000000
0.280000 0.163469 0.000000
0.291822 0.168178 0.000000
0.300000 0.171410 0.000000
0.318898 0.178898 0.000000
0.320000 0.179336 0.000000
0.321471 0.180000 0.000000
0.340000 0.188383 0.000000
0.357051 0.197051 0.000000
0.360000 0.198553 0.000000
0.362546 0.200000 0.000000
0.373660 0.206340 0.000000
0.380000 0.209932 0.000000
0.386165 0.213835 0.000000
0.395950 0.220000 0.000000
0.398429 0.221571 0.000000
0.400000 0.222558 0.000000
0.410262 0.229738 0.000000
0.420000 0.236518 0.000000
0.421967 0.238033 0.000000
0.424528 0.240000 0.000000
0.433266 0.246734 0.000000
0.440000 0.251898 0.000000
0.444389 0.255611 0.000000
0.449587 0.260000 0.000000
0.455225 0.264775 0.000000
0.460000 0.268799 0.000000
0.465809 0.274191 0.000000
0.472077 0.280000 0.000000
0.476183 0.283817 0.000000
0.480000 0.287347 0.000000
0.486271 0.293729 0.000000
0.492438 0.300000 0.000000
0.496183 0.303817 0.000000
0.500000 0.307690 0.000000
0.505818 0.314182 0.000000
0.511030 0.320000 0.000000
0.515266 0.324734 0.000000
0.520000 0.330009 0.000000
0.524492 0.335508 0.000000
0.528152 0.340000 0.000000
0.533473 0.346527 0.000000
0.540000 0.354525 0.000000
0.542334 0.357666 0.000000
0.544059 0.360000 0.000000
0.550846 0.369154 0.000000
0.558871 0.380000 0.000000
0.559351 0.380649 0.000000
0.560000 0.381524 0.000000
0.567429 0.392571 0.000000
0.572384 0.400000 0.000000
