0.624845 0.780749 0.000000
0.636651 0.771152 0.000000
0.651784 0.758404 0.000000
0.659376 0.751814 0.000000
0.664912 0.746922 0.000000
0.674606 0.738178 0.000000
0.686407 0.727218 0.000000
0.690723 0.723119 0.000000
0.694331 0.719656 0.000000
0.707257 0.706957 0.000000
0.719406 0.694590 0.000000
0.723696 0.690119 0.000000
0.727272 0.686349 0.000000
0.740136 0.672458 0.000000
0.750814 0.660514 0.000000
0.755775 0.654831 0.000000
0.762130 0.647424 0.000000
0.771947 0.635687 0.000000
0.780985 0.624550 0.000000
0.787892 0.615813 0.000000
0.797519 0.603293 0.000000
0.803696 0.595040 0.000000
0.808499 0.588497 0.000000
0.819473 0.573118 0.000000
0.834475 0.551046 0.000000
0.835152 0.550020 0.000000
0.835152 0.550020 0.000000
0.850511 0.525958 0.000000
0.859621 0.510932 0.000000
0.865361 0.501149 0.000000
0.874065 0.485808 0.000000
0.878881 0.477041 0.000000
0.881816 0.471594 0.000000
0.891729 0.452569 0.000000
0.899326 0.437278 0.000000
0.901785 0.432186 0.000000
0.906236 0.422772 0.000000
0.908322 0.418272 0.000000
0.909167 0.416432 0.000000
0.911249 0.411857 0.000000
0.911253 0.411846 0.000000
0.907380 0.420311 0.000000
0.906878 0.421393 0.000000
0.906349 0.422530 0.000000
0.897556 0.440900 0.000000
0.885119 0.465364 0.000000
0.882827 0.469698 0.000000
0.880458 0.474124 0.000000
0.869612 0.493735 0.000000
0.862728 0.505668 0.000000
0.855560 0.517703 0.000000
0.842205 0.539157 0.000000
0.839197 0.543828 0.000000
0.836937 0.547299 0.000000
0.822669 0.568521 0.000000
0.808659 0.588278 0.000000
0.805753 0.592252 0.000000
0.802142 0.597133 0.000000
0.790019 0.613082 0.000000
0.780169 0.625568 0.000000
0.773874 0.633340 0.000000
0.766197 0.642606 0.000000
0.757823 0.652460 0.000000
0.750834 0.660491 0.000000
0.741722 0.670708 0.000000
0.731872 0.681442 0.000000
0.725523 0.688198 0.000000
0.719162 0.694842 0.000000
0.709253 0.704954 0.000000
0.699336 0.714793 0.000000
0.692962 0.720974 0.000000
0.686592 0.727043 0.000000
0.676698 0.736261 0.000000
0.668236 0.743949 0.000000
0.661204 0.750206 0.000000
0.652794 0.757535 0.000000
0.645116 0.764084 0.000000
0.638846 0.769335 0.000000
0.629066 0.777352 0.000000
0.617127 0.786863 0.000000
0.612972 0.790104 0.000000
0.610256 0.792204 0.000000
0.598888 0.800833 0.000000
0.582407 0.812898 0.000000
0.580349 0.814368 0.000000
0.579271 0.815135 0.000000
0.558659 0.829398 0.000000
0.554880 0.831930 0.000000
